Treatment	CR	CR	CR	CR	CR	CR	CR	CR	HA	HA	HA	HA	HA	HA	HA	HA
k__Archaea|p__Crenarchaeota	0.000000e+00	5.129784e-05	0.000000e+00	1.663561e-05	0.000000e+00	0.000000e+00	0.000000e+00	0.000000e+00	6.320642e-04	0.000000e+00	0.000000e+00	0.000000e+00	0.000000e+00	0.000000e+00	0.000000e+00	0.000000e+00
k__Bacteria|p__Actinobacteria	0.0014974597	0.0030778701	0.0022270940	0.0014306628	0.0006199967	0.0090622401	0.0035015149	0.0013457656	0.0126970553	0.0021346236	0.0007996649	0.0005100368	0.0007120862	0.0007111178	0.0004884739	0.0052872249
k__Bacteria|p__Bacteroidetes	0.3978964	0.1760029	0.3647040	0.4115318	0.5327960	0.2774640	0.3143925	0.0996988	0.2046215	0.2221254	0.1671109	0.3461146	0.2778291	0.2235155	0.3239521	0.4265326
k__Bacteria|p__Cyanobacteria	6.774222e-04	9.165213e-03	6.576887e-03	1.280942e-03	1.823520e-04	1.126282e-03	7.075600e-04	4.005255e-04	4.759072e-03	7.115412e-05	7.615856e-05	5.646836e-04	3.656659e-04	1.852649e-03	1.315122e-04	1.607602e-04
k__Bacteria|p__Firmicutes	0.5786255	0.7909442	0.5798448	0.5653114	0.4545488	0.7013446	0.6522252	0.8794418	0.7418018	0.7413370	0.8099653	0.6356698	0.7015589	0.7378221	0.6563586	0.5452451
k__Bacteria|p__Fusobacteria	0.000000e+00	0.000000e+00	0.000000e+00	0.000000e+00	0.000000e+00	0.000000e+00	1.814256e-05	0.000000e+00	2.658388e-03	0.000000e+00	0.000000e+00	0.000000e+00	0.000000e+00	0.000000e+00	0.000000e+00	1.786225e-05
k__Bacteria|p__Proteobacteria	0.020483109	0.019869362	0.043985106	0.018349082	0.011378763	0.009668700	0.028048404	0.018824698	0.029465348	0.032428490	0.016259853	0.008160589	0.014530408	0.029380392	0.014691792	0.022006288
k__Bacteria|p__Tenericutes	1.782690e-04	1.709928e-05	1.618123e-03	6.986958e-04	2.005872e-04	0.000000e+00	9.434133e-04	2.403153e-04	2.156454e-03	2.490394e-04	3.236739e-04	1.420817e-03	9.622787e-05	4.865543e-04	3.569617e-04	8.931123e-05
k__Bacteria|p__Verrucomicrobia	0.000000e+00	0.000000e+00	0.000000e+00	0.000000e+00	0.000000e+00	0.000000e+00	0.000000e+00	0.000000e+00	1.859012e-05	0.000000e+00	0.000000e+00	0.000000e+00	0.000000e+00	0.000000e+00	0.000000e+00	0.000000e+00
k__Archaea|p__Crenarchaeota|c__Thaumarchaeota	0.000000e+00	5.129784e-05	0.000000e+00	1.663561e-05	0.000000e+00	0.000000e+00	0.000000e+00	0.000000e+00	6.320642e-04	0.000000e+00	0.000000e+00	0.000000e+00	0.000000e+00	0.000000e+00	0.000000e+00	0.000000e+00
k__Bacteria|p__Actinobacteria|c__Actinobacteria	5.348070e-05	1.196949e-04	1.043950e-04	1.663561e-05	3.647040e-05	2.772387e-04	7.257026e-05	5.447147e-04	7.436050e-05	3.557706e-05	1.903964e-05	1.275092e-04	1.732102e-04	1.497090e-04	1.878746e-05	3.572449e-05
k__Bacteria|p__Actinobacteria|c__Coriobacteriia	0.0014439790	0.0029581752	0.0021226990	0.0014140271	0.0005835263	0.0087850014	0.0034289446	0.0008010510	0.0126226948	0.0020990465	0.0007806253	0.0003825276	0.0005388761	0.0005614088	0.0004696864	0.0052515004
k__Bacteria|p__Bacteroidetes|c__Bacteroidia	0.3978964	0.1760029	0.3647040	0.4115318	0.5327960	0.2774640	0.3143925	0.0996988	0.2046215	0.2221254	0.1671109	0.3461146	0.2778291	0.2235155	0.3239521	0.4265326
k__Bacteria|p__Cyanobacteria|c__4C0d-2	1.247883e-04	5.129784e-04	1.739917e-04	3.826191e-04	9.117599e-05	1.039645e-04	0.000000e+00	1.281682e-04	0.000000e+00	0.000000e+00	0.000000e+00	0.000000e+00	5.773672e-05	3.181316e-04	1.878746e-05	8.931123e-05
k__Bacteria|p__Cyanobacteria|c__Chloroplast	5.526339e-04	8.652235e-03	6.402895e-03	8.983231e-04	9.117599e-05	1.022318e-03	7.075600e-04	2.723573e-04	4.759072e-03	7.115412e-05	7.615856e-05	5.646836e-04	3.079292e-04	1.534517e-03	1.127247e-04	7.144899e-05
k__Bacteria|p__Firmicutes|c__Bacilli	0.009911757	0.011353921	0.014824094	0.012925872	0.005415854	0.005596756	0.107131842	0.028597520	0.141340720	0.032037142	0.081432543	0.124904368	0.251058507	0.057076557	0.032333214	0.058873964
k__Bacteria|p__Firmicutes|c__Clostridia	0.5590160	0.7599432	0.5575391	0.5469124	0.4437900	0.6875347	0.5324661	0.8416803	0.5943821	0.6980753	0.7275808	0.5090167	0.4472671	0.6793046	0.6220339	0.4823164
k__Bacteria|p__Firmicutes|c__Erysipelotrichi	0.009697834	0.019647071	0.007481644	0.005473117	0.005342913	0.008213197	0.012627225	0.009164023	0.006078971	0.011224562	0.000951982	0.001748698	0.003233256	0.001440949	0.001991470	0.004054730
k__Bacteria|p__Fusobacteria|c__Fusobacteriia	0.000000e+00	0.000000e+00	0.000000e+00	0.000000e+00	0.000000e+00	0.000000e+00	1.814256e-05	0.000000e+00	2.658388e-03	0.000000e+00	0.000000e+00	0.000000e+00	0.000000e+00	0.000000e+00	0.000000e+00	1.786225e-05
k__Bacteria|p__Proteobacteria|c__Alphaproteobacteria	1.051787e-03	1.983516e-03	1.096148e-03	2.661698e-04	1.641168e-04	2.425839e-04	1.632831e-04	6.408408e-05	2.212225e-03	1.423082e-04	7.615856e-05	5.464680e-05	1.347190e-04	2.077212e-03	1.878746e-05	1.428980e-04
k__Bacteria|p__Proteobacteria|c__Betaproteobacteria	0.010713967	0.010943538	0.042332185	0.017650386	0.009865242	0.005700721	0.027467842	0.018183857	0.020151695	0.026878469	0.002170519	0.003570258	0.006870670	0.009506522	0.003889004	0.017612175
k__Bacteria|p__Proteobacteria|c__Deltaproteobacteria	0.0086103931	0.0062754352	0.0002609876	0.0001663561	0.0012217582	0.0035694483	0.0002902810	0.0004005255	0.0028814694	0.0052298278	0.0134800655	0.0040985100	0.0072748268	0.0165428448	0.0103706765	0.0035903115
k__Bacteria|p__Proteobacteria|c__Epsilonproteobacteria	1.782690e-05	6.839711e-05	6.959669e-05	1.996274e-04	1.276464e-04	1.732742e-05	1.814256e-05	1.121471e-04	3.718025e-05	1.600968e-04	4.569514e-04	3.278808e-04	5.773672e-05	2.058499e-04	3.569617e-04	3.929694e-04
k__Bacteria|p__Proteobacteria|c__Gammaproteobacteria	8.913450e-05	5.984747e-04	2.261892e-04	6.654245e-05	0.000000e+00	1.386194e-04	1.088554e-04	6.408408e-05	4.182778e-03	1.778853e-05	7.615856e-05	1.092936e-04	1.924557e-04	1.047963e-03	5.636237e-05	2.679337e-04
k__Bacteria|p__Tenericutes|c__Mollicutes	1.782690e-04	1.709928e-05	1.618123e-03	6.986958e-04	2.005872e-04	0.000000e+00	9.434133e-04	2.403153e-04	2.156454e-03	2.490394e-04	3.236739e-04	1.420817e-03	9.622787e-05	4.865543e-04	3.569617e-04	8.931123e-05
k__Bacteria|p__Verrucomicrobia|c__Verrucomicrobiae	0.000000e+00	0.000000e+00	0.000000e+00	0.000000e+00	0.000000e+00	0.000000e+00	0.000000e+00	0.000000e+00	1.859012e-05	0.000000e+00	0.000000e+00	0.000000e+00	0.000000e+00	0.000000e+00	0.000000e+00	0.000000e+00
k__Archaea|p__Crenarchaeota|c__Thaumarchaeota|o__Cenarchaeales	0.000000e+00	5.129784e-05	0.000000e+00	1.663561e-05	0.000000e+00	0.000000e+00	0.000000e+00	0.000000e+00	6.320642e-04	0.000000e+00	0.000000e+00	0.000000e+00	0.000000e+00	0.000000e+00	0.000000e+00	0.000000e+00
k__Bacteria|p__Actinobacteria|c__Actinobacteria|o__Actinomycetales	5.348070e-05	1.025957e-04	1.739917e-05	1.663561e-05	3.647040e-05	2.079290e-04	7.257026e-05	5.447147e-04	1.859012e-05	3.557706e-05	1.903964e-05	1.092936e-04	1.732102e-04	3.742725e-05	1.878746e-05	1.786225e-05
k__Bacteria|p__Actinobacteria|c__Actinobacteria|o__Bifidobacteriales	0.000000e+00	1.709928e-05	8.699586e-05	0.000000e+00	0.000000e+00	6.930968e-05	0.000000e+00	0.000000e+00	5.577037e-05	0.000000e+00	0.000000e+00	1.821560e-05	0.000000e+00	1.122818e-04	0.000000e+00	1.786225e-05
k__Bacteria|p__Actinobacteria|c__Coriobacteriia|o__Coriobacteriales	0.0014439790	0.0029581752	0.0021226990	0.0014140271	0.0005835263	0.0087850014	0.0034289446	0.0008010510	0.0126226948	0.0020990465	0.0007806253	0.0003825276	0.0005388761	0.0005614088	0.0004696864	0.0052515004
k__Bacteria|p__Bacteroidetes|c__Bacteroidia|o__Bacteroidales	0.3978964	0.1760029	0.3647040	0.4115318	0.5327960	0.2774640	0.3143925	0.0996988	0.2046215	0.2221254	0.1671109	0.3461146	0.2778291	0.2235155	0.3239521	0.4265326
k__Bacteria|p__Cyanobacteria|c__4C0d-2|o__YS2	1.247883e-04	5.129784e-04	1.739917e-04	3.826191e-04	9.117599e-05	1.039645e-04	0.000000e+00	1.281682e-04	0.000000e+00	0.000000e+00	0.000000e+00	0.000000e+00	5.773672e-05	3.181316e-04	1.878746e-05	8.931123e-05
k__Bacteria|p__Cyanobacteria|c__Chloroplast|o__Streptophyta	5.526339e-04	8.652235e-03	6.402895e-03	8.983231e-04	9.117599e-05	1.022318e-03	7.075600e-04	2.723573e-04	4.759072e-03	7.115412e-05	7.615856e-05	5.646836e-04	3.079292e-04	1.534517e-03	1.127247e-04	7.144899e-05
k__Bacteria|p__Firmicutes|c__Bacilli|o__Bacillales	0.000000e+00	3.419856e-05	0.000000e+00	0.000000e+00	0.000000e+00	0.000000e+00	0.000000e+00	0.000000e+00	0.000000e+00	0.000000e+00	0.000000e+00	1.821560e-05	0.000000e+00	0.000000e+00	0.000000e+00	0.000000e+00
k__Bacteria|p__Firmicutes|c__Bacilli|o__Lactobacillales	0.009680007	0.011251325	0.014493510	0.012892600	0.005415854	0.005562101	0.106442425	0.028581499	0.141080458	0.031983777	0.081394463	0.124867937	0.250962279	0.057001703	0.032333214	0.058873964
k__Bacteria|p__Firmicutes|c__Bacilli|o__Turicibacterales	2.317497e-04	6.839711e-05	3.305843e-04	3.327123e-05	0.000000e+00	3.465484e-05	6.894174e-04	1.602102e-05	2.602617e-04	5.336559e-05	3.807928e-05	1.821560e-05	9.622787e-05	7.485450e-05	0.000000e+00	0.000000e+00
k__Bacteria|p__Firmicutes|c__Clostridia|o__Clostridiales	0.5590160	0.7599432	0.5575391	0.5469124	0.4437900	0.6875347	0.5324661	0.8416803	0.5943821	0.6980753	0.7275808	0.5090167	0.4472671	0.6793046	0.6220339	0.4823164
k__Bacteria|p__Firmicutes|c__Erysipelotrichi|o__Erysipelotrichales	0.009697834	0.019647071	0.007481644	0.005473117	0.005342913	0.008213197	0.012627225	0.009164023	0.006078971	0.011224562	0.000951982	0.001748698	0.003233256	0.001440949	0.001991470	0.004054730
k__Bacteria|p__Fusobacteria|c__Fusobacteriia|o__Fusobacteriales	0.000000e+00	0.000000e+00	0.000000e+00	0.000000e+00	0.000000e+00	0.000000e+00	1.814256e-05	0.000000e+00	2.658388e-03	0.000000e+00	0.000000e+00	0.000000e+00	0.000000e+00	0.000000e+00	0.000000e+00	1.786225e-05
k__Bacteria|p__Proteobacteria|c__Alphaproteobacteria|o__RF32	9.804795e-04	2.564892e-04	2.609876e-04	8.317807e-05	9.117599e-05	0.000000e+00	3.628513e-05	1.602102e-05	1.357079e-03	1.245197e-04	3.807928e-05	0.000000e+00	0.000000e+00	1.777794e-03	1.878746e-05	8.931123e-05
k__Bacteria|p__Proteobacteria|c__Alphaproteobacteria|o__Rhizobiales	0.000000e+00	6.839711e-05	5.219752e-05	1.663561e-05	5.470559e-05	0.000000e+00	0.000000e+00	1.602102e-05	7.436050e-05	1.778853e-05	1.903964e-05	0.000000e+00	1.924557e-05	5.614088e-05	0.000000e+00	0.000000e+00
k__Bacteria|p__Proteobacteria|c__Alphaproteobacteria|o__Rickettsiales	7.130760e-05	1.641531e-03	7.829627e-04	1.663561e-04	1.823520e-05	2.425839e-04	1.088554e-04	1.602102e-05	6.320642e-04	0.000000e+00	0.000000e+00	3.643120e-05	1.154734e-04	2.432771e-04	0.000000e+00	5.358674e-05
k__Bacteria|p__Proteobacteria|c__Alphaproteobacteria|o__Sphingomonadales	0.000000e+00	1.709928e-05	0.000000e+00	0.000000e+00	0.000000e+00	0.000000e+00	1.814256e-05	1.602102e-05	1.487210e-04	0.000000e+00	1.903964e-05	1.821560e-05	0.000000e+00	0.000000e+00	0.000000e+00	0.000000e+00
k__Bacteria|p__Proteobacteria|c__Betaproteobacteria|o__Burkholderiales	0.010713967	0.010943538	0.042332185	0.017650386	0.009865242	0.005700721	0.027467842	0.018183857	0.020151695	0.026878469	0.002170519	0.003570258	0.006870670	0.009506522	0.003889004	0.017612175
k__Bacteria|p__Proteobacteria|c__Deltaproteobacteria|o__Desulfovibrionales	0.0086103931	0.0062754352	0.0002609876	0.0001663561	0.0012217582	0.0035694483	0.0002902810	0.0004005255	0.0028814694	0.0052298278	0.0134800655	0.0040985100	0.0072748268	0.0165428448	0.0103706765	0.0035903115
k__Bacteria|p__Proteobacteria|c__Epsilonproteobacteria|o__Campylobacterales	1.782690e-05	6.839711e-05	6.959669e-05	1.996274e-04	1.276464e-04	1.732742e-05	1.814256e-05	1.121471e-04	3.718025e-05	1.600968e-04	4.569514e-04	3.278808e-04	5.773672e-05	2.058499e-04	3.569617e-04	3.929694e-04
k__Bacteria|p__Proteobacteria|c__Gammaproteobacteria|o__Enterobacteriales	3.565380e-05	2.393899e-04	1.043950e-04	0.000000e+00	0.000000e+00	0.000000e+00	0.000000e+00	0.000000e+00	2.974420e-04	1.778853e-05	1.903964e-05	1.821560e-05	1.154734e-04	2.994180e-04	0.000000e+00	3.572449e-05
k__Bacteria|p__Proteobacteria|c__Gammaproteobacteria|o__Pasteurellales	0.000000e+00	0.000000e+00	0.000000e+00	1.663561e-05	0.000000e+00	0.000000e+00	1.814256e-05	0.000000e+00	8.551457e-04	0.000000e+00	0.000000e+00	1.821560e-05	0.000000e+00	0.000000e+00	0.000000e+00	0.000000e+00
k__Bacteria|p__Proteobacteria|c__Gammaproteobacteria|o__Pseudomonadales	3.565380e-05	6.839711e-05	6.959669e-05	3.327123e-05	0.000000e+00	8.663709e-05	3.628513e-05	4.806306e-05	2.379536e-03	0.000000e+00	5.711892e-05	7.286240e-05	5.773672e-05	5.614088e-05	1.878746e-05	1.786225e-05
k__Bacteria|p__Proteobacteria|c__Gammaproteobacteria|o__Xanthomonadales	1.782690e-05	2.906877e-04	5.219752e-05	1.663561e-05	0.000000e+00	5.198226e-05	5.442769e-05	1.602102e-05	6.506544e-04	0.000000e+00	0.000000e+00	0.000000e+00	1.924557e-05	6.924041e-04	3.757491e-05	2.143470e-04
k__Bacteria|p__Tenericutes|c__Mollicutes|o__Mycoplasmatales	1.782690e-04	0.000000e+00	1.304938e-03	6.321533e-04	2.005872e-04	0.000000e+00	9.434133e-04	2.403153e-04	2.026324e-03	2.490394e-04	2.475153e-04	1.420817e-03	0.000000e+00	4.865543e-04	3.569617e-04	8.931123e-05
k__Bacteria|p__Tenericutes|c__Mollicutes|o__RF39	0.000000e+00	1.709928e-05	3.131851e-04	6.654245e-05	0.000000e+00	0.000000e+00	0.000000e+00	0.000000e+00	1.301309e-04	0.000000e+00	7.615856e-05	0.000000e+00	9.622787e-05	0.000000e+00	0.000000e+00	0.000000e+00
k__Bacteria|p__Verrucomicrobia|c__Verrucomicrobiae|o__Verrucomicrobiales	0.000000e+00	0.000000e+00	0.000000e+00	0.000000e+00	0.000000e+00	0.000000e+00	0.000000e+00	0.000000e+00	1.859012e-05	0.000000e+00	0.000000e+00	0.000000e+00	0.000000e+00	0.000000e+00	0.000000e+00	0.000000e+00
k__Archaea|p__Crenarchaeota|c__Thaumarchaeota|o__Cenarchaeales|f__Cenarchaeaceae	0.000000e+00	5.129784e-05	0.000000e+00	1.663561e-05	0.000000e+00	0.000000e+00	0.000000e+00	0.000000e+00	6.320642e-04	0.000000e+00	0.000000e+00	0.000000e+00	0.000000e+00	0.000000e+00	0.000000e+00	0.000000e+00
k__Bacteria|p__Actinobacteria|c__Actinobacteria|o__Actinomycetales|f__Micrococcaceae	5.348070e-05	1.025957e-04	1.739917e-05	1.663561e-05	3.647040e-05	2.079290e-04	7.257026e-05	5.447147e-04	1.859012e-05	3.557706e-05	1.903964e-05	1.092936e-04	1.732102e-04	3.742725e-05	1.878746e-05	1.786225e-05
k__Bacteria|p__Actinobacteria|c__Actinobacteria|o__Bifidobacteriales|f__Bifidobacteriaceae	0.000000e+00	1.709928e-05	8.699586e-05	0.000000e+00	0.000000e+00	6.930968e-05	0.000000e+00	0.000000e+00	5.577037e-05	0.000000e+00	0.000000e+00	1.821560e-05	0.000000e+00	1.122818e-04	0.000000e+00	1.786225e-05
k__Bacteria|p__Actinobacteria|c__Coriobacteriia|o__Coriobacteriales|f__Coriobacteriaceae	0.0014439790	0.0029581752	0.0021226990	0.0014140271	0.0005835263	0.0087850014	0.0034289446	0.0008010510	0.0126226948	0.0020990465	0.0007806253	0.0003825276	0.0005388761	0.0005614088	0.0004696864	0.0052515004
k__Bacteria|p__Bacteroidetes|c__Bacteroidia|o__Bacteroidales|f__Bacteroidaceae	4.428202e-02	1.342293e-02	2.202735e-02	7.868645e-03	1.285581e-02	8.663709e-05	7.982728e-04	3.845045e-04	5.967430e-03	2.371211e-02	4.569514e-03	1.572006e-02	2.424942e-03	1.302468e-02	2.673455e-02	8.448843e-03
k__Bacteria|p__Bacteroidetes|c__Bacteroidia|o__Bacteroidales|f__Porphyromonadaceae	8.913450e-03	2.787182e-03	5.254550e-03	1.730104e-03	6.929375e-04	1.732742e-05	1.814256e-05	1.281682e-04	3.160321e-04	2.899530e-03	5.711892e-05	7.468396e-04	3.849115e-04	1.104104e-03	1.296335e-03	1.893398e-03
k__Bacteria|p__Bacteroidetes|c__Bacteroidia|o__Bacteroidales|f__Prevotellaceae	0.252482396	0.031531069	0.113059818	0.273023689	0.475993362	0.185438037	0.226237776	0.034893781	0.007566181	0.098833072	0.014165493	0.174578309	0.066531948	0.029960514	0.191406617	0.289404115
k__Bacteria|p__Bacteroidetes|c__Bacteroidia|o__Bacteroidales|f__RF16	6.239415e-04	1.196949e-04	4.210600e-03	3.044317e-03	1.641168e-04	0.000000e+00	5.442769e-05	1.922522e-04	4.275729e-04	4.447132e-04	2.284757e-04	3.460964e-03	2.886836e-04	3.742725e-04	6.951359e-04	7.144899e-05
k__Bacteria|p__Bacteroidetes|c__Bacteroidia|o__Bacteroidales|f__Rikenellaceae	2.852304e-04	5.129784e-05	1.809514e-03	4.491616e-04	9.117599e-05	0.000000e+00	0.000000e+00	0.000000e+00	3.346222e-04	2.846165e-04	2.379955e-03	4.553900e-04	2.309469e-04	2.619908e-04	5.448363e-04	1.786225e-04
k__Bacteria|p__Bacteroidetes|c__Bacteroidia|o__Bacteroidales|f__S24-7	0.02037615	0.06345542	0.04001810	0.03623237	0.02523751	0.04182839	0.04265317	0.05153962	0.14316255	0.06105023	0.08988614	0.07094976	0.13760585	0.11372270	0.06305071	0.05069306
k__Bacteria|p__Bacteroidetes|c__Bacteroidia|o__Bacteroidales|f__[Odoribacteraceae]	2.139228e-04	2.376800e-03	1.270140e-03	2.162630e-04	1.094112e-04	0.000000e+00	0.000000e+00	1.602102e-05	3.718025e-05	5.158674e-04	3.807928e-05	2.368028e-04	0.000000e+00	9.356813e-05	9.393729e-05	2.679337e-04
k__Bacteria|p__Bacteroidetes|c__Bacteroidia|o__Bacteroidales|f__[Paraprevotellaceae]	0.06567430	0.05410212	0.16071615	0.07537596	0.01642991	0.05007624	0.02490974	0.01241629	0.02496654	0.03315782	0.04249648	0.06971110	0.06491532	0.03729626	0.02947752	0.07364604
k__Bacteria|p__Firmicutes|c__Bacilli|o__Bacillales|f__Bacillaceae	0.00000e+00	0.00000e+00	0.00000e+00	0.00000e+00	0.00000e+00	0.00000e+00	0.00000e+00	0.00000e+00	0.00000e+00	0.00000e+00	0.00000e+00	1.82156e-05	0.00000e+00	0.00000e+00	0.00000e+00	0.00000e+00
k__Bacteria|p__Firmicutes|c__Bacilli|o__Bacillales|f__Planococcaceae	0.000000e+00	3.419856e-05	0.000000e+00	0.000000e+00	0.000000e+00	0.000000e+00	0.000000e+00	0.000000e+00	0.000000e+00	0.000000e+00	0.000000e+00	0.000000e+00	0.000000e+00	0.000000e+00	0.000000e+00	0.000000e+00
k__Bacteria|p__Firmicutes|c__Bacilli|o__Lactobacillales|f__Enterococcaceae	0.000000e+00	0.000000e+00	1.739917e-05	0.000000e+00	0.000000e+00	1.732742e-05	3.628513e-05	0.000000e+00	3.718025e-05	0.000000e+00	0.000000e+00	0.000000e+00	1.924557e-05	9.356813e-05	1.878746e-05	1.786225e-05
k__Bacteria|p__Firmicutes|c__Bacilli|o__Lactobacillales|f__Lactobacillaceae	0.009145200	0.009626894	0.014197724	0.012692973	0.005197031	0.004089271	0.106279141	0.024768496	0.138329120	0.031788103	0.081261186	0.124594703	0.250731332	0.056178303	0.031675653	0.058695342
k__Bacteria|p__Firmicutes|c__Bacilli|o__Lactobacillales|f__Streptococcaceae	0.0005348070	0.0016244314	0.0002783867	0.0001996274	0.0002188224	0.0014555032	0.0001269979	0.0038130027	0.0027141582	0.0001956738	0.0001332775	0.0002732340	0.0002117013	0.0007298314	0.0006387736	0.0001607602
k__Bacteria|p__Firmicutes|c__Bacilli|o__Turicibacterales|f__Turicibacteraceae	2.317497e-04	6.839711e-05	3.305843e-04	3.327123e-05	0.000000e+00	3.465484e-05	6.894174e-04	1.602102e-05	2.602617e-04	5.336559e-05	3.807928e-05	1.821560e-05	9.622787e-05	7.485450e-05	0.000000e+00	0.000000e+00
k__Bacteria|p__Firmicutes|c__Clostridia|o__Clostridiales|f__Christensenellaceae	0.000000e+00	1.265347e-03	1.739917e-05	5.988821e-04	2.005872e-04	4.158581e-04	5.442769e-05	3.204204e-05	3.718025e-04	1.138466e-03	8.187045e-04	4.918212e-04	7.890685e-04	7.485450e-04	3.381742e-04	3.572449e-04
k__Bacteria|p__Firmicutes|c__Clostridia|o__Clostridiales|f__Clostridiaceae	0.123148231	0.011336822	0.027786477	0.010064546	0.003245865	0.015005545	0.053466137	0.001586081	0.032216686	0.006990892	0.028426183	0.008415607	0.020862202	0.031251754	0.007590133	0.009466991
k__Bacteria|p__Firmicutes|c__Clostridia|o__Clostridiales|f__Dehalobacteriaceae	0.0000000000	0.0000000000	0.0000000000	0.0000000000	0.0000000000	0.0000000000	0.0000000000	0.0000000000	0.0004275729	0.0000000000	0.0001142378	0.0000000000	0.0000000000	0.0002619908	0.0000000000	0.0000000000
k__Bacteria|p__Firmicutes|c__Clostridia|o__Clostridiales|f__Lachnospiraceae	0.27161066	0.36484730	0.35337718	0.24745475	0.17496672	0.27309745	0.24392678	0.74637124	0.13226874	0.37090864	0.20608507	0.20416044	0.06177829	0.15515467	0.21092679	0.26727279
k__Bacteria|p__Firmicutes|c__Clostridia|o__Clostridiales|f__Peptococcaceae	3.921918e-04	2.103211e-03	2.174896e-03	6.837237e-03	3.282336e-04	6.930968e-05	2.521816e-03	1.602102e-05	6.097561e-03	7.826953e-04	4.817029e-03	3.224161e-03	1.025789e-02	1.792765e-02	2.536307e-03	3.036582e-04
k__Bacteria|p__Firmicutes|c__Clostridia|o__Clostridiales|f__Peptostreptococcaceae	3.226669e-03	1.196949e-04	3.131851e-04	6.654245e-05	7.294079e-05	5.198226e-05	3.447087e-04	0.000000e+00	3.160321e-04	1.778853e-05	1.142378e-04	0.000000e+00	0.000000e+00	3.742725e-05	3.757491e-05	1.250357e-04
k__Bacteria|p__Firmicutes|c__Clostridia|o__Clostridiales|f__Ruminococcaceae	0.06453338	0.12928764	0.09644361	0.10691709	0.10601944	0.06480455	0.10568044	0.03664007	0.22140839	0.07076277	0.25309394	0.11574192	0.16503079	0.16565301	0.20049975	0.06968062
k__Bacteria|p__Firmicutes|c__Clostridia|o__Clostridiales|f__Veillonellaceae	0.056564756	0.007079101	0.001652921	0.002062816	0.107934134	0.319327003	0.061884287	0.006856996	0.017363177	0.176248755	0.006340200	0.002422675	0.002386451	0.004715834	0.007759220	0.066947699
k__Bacteria|p__Firmicutes|c__Clostridia|o__Clostridiales|f__[Mogibacteriaceae]	0.0035653802	0.0009575596	0.0015833246	0.0015970189	0.0015682270	0.0014728306	0.0045537836	0.0038770867	0.0057629387	0.0045182866	0.0060165264	0.0039527852	0.0021555042	0.0018900762	0.0026866064	0.0019648471
k__Bacteria|p__Firmicutes|c__Erysipelotrichi|o__Erysipelotrichales|f__Erysipelotrichaceae	0.009697834	0.019647071	0.007481644	0.005473117	0.005342913	0.008213197	0.012627225	0.009164023	0.006078971	0.011224562	0.000951982	0.001748698	0.003233256	0.001440949	0.001991470	0.004054730
k__Bacteria|p__Fusobacteria|c__Fusobacteriia|o__Fusobacteriales|f__Fusobacteriaceae	0.000000e+00	0.000000e+00	0.000000e+00	0.000000e+00	0.000000e+00	0.000000e+00	1.814256e-05	0.000000e+00	2.658388e-03	0.000000e+00	0.000000e+00	0.000000e+00	0.000000e+00	0.000000e+00	0.000000e+00	1.786225e-05
k__Bacteria|p__Proteobacteria|c__Alphaproteobacteria|o__Rhizobiales|f__Bradyrhizobiaceae	0.000000e+00	6.839711e-05	5.219752e-05	1.663561e-05	5.470559e-05	0.000000e+00	0.000000e+00	1.602102e-05	7.436050e-05	1.778853e-05	1.903964e-05	0.000000e+00	1.924557e-05	5.614088e-05	0.000000e+00	0.000000e+00
k__Bacteria|p__Proteobacteria|c__Alphaproteobacteria|o__Rickettsiales|f__mitochondria	7.130760e-05	1.641531e-03	7.829627e-04	1.663561e-04	1.823520e-05	2.425839e-04	1.088554e-04	1.602102e-05	6.320642e-04	0.000000e+00	0.000000e+00	3.643120e-05	1.154734e-04	2.432771e-04	0.000000e+00	5.358674e-05
k__Bacteria|p__Proteobacteria|c__Alphaproteobacteria|o__Sphingomonadales|f__Sphingomonadaceae	0.000000e+00	1.709928e-05	0.000000e+00	0.000000e+00	0.000000e+00	0.000000e+00	1.814256e-05	1.602102e-05	1.487210e-04	0.000000e+00	1.903964e-05	1.821560e-05	0.000000e+00	0.000000e+00	0.000000e+00	0.000000e+00
k__Bacteria|p__Proteobacteria|c__Betaproteobacteria|o__Burkholderiales|f__Alcaligenaceae	0.010678314	0.010755446	0.042192992	0.017450759	0.009810536	0.005250208	0.027431557	0.017927521	0.019779893	0.026309236	0.002094360	0.003442748	0.006351039	0.008888972	0.003663554	0.017379966
k__Bacteria|p__Proteobacteria|c__Betaproteobacteria|o__Burkholderiales|f__Oxalobacteraceae	3.565380e-05	1.880921e-04	1.391934e-04	1.996274e-04	5.470559e-05	4.505129e-04	3.628513e-05	2.563363e-04	3.718025e-04	5.692330e-04	7.615856e-05	1.275092e-04	5.196305e-04	6.175496e-04	2.254495e-04	2.322092e-04
k__Bacteria|p__Proteobacteria|c__Deltaproteobacteria|o__Desulfovibrionales|f__Desulfovibrionaceae	0.0086103931	0.0062754352	0.0002609876	0.0001663561	0.0012217582	0.0035694483	0.0002902810	0.0004005255	0.0028814694	0.0052298278	0.0134800655	0.0040985100	0.0072748268	0.0165428448	0.0103706765	0.0035903115
k__Bacteria|p__Proteobacteria|c__Epsilonproteobacteria|o__Campylobacterales|f__Helicobacteraceae	1.782690e-05	6.839711e-05	6.959669e-05	1.996274e-04	1.276464e-04	1.732742e-05	1.814256e-05	1.121471e-04	3.718025e-05	1.600968e-04	4.569514e-04	3.278808e-04	5.773672e-05	2.058499e-04	3.569617e-04	3.929694e-04
k__Bacteria|p__Proteobacteria|c__Gammaproteobacteria|o__Enterobacteriales|f__Enterobacteriaceae	3.565380e-05	2.393899e-04	1.043950e-04	0.000000e+00	0.000000e+00	0.000000e+00	0.000000e+00	0.000000e+00	2.974420e-04	1.778853e-05	1.903964e-05	1.821560e-05	1.154734e-04	2.994180e-04	0.000000e+00	3.572449e-05
k__Bacteria|p__Proteobacteria|c__Gammaproteobacteria|o__Pasteurellales|f__Pasteurellaceae	0.000000e+00	0.000000e+00	0.000000e+00	1.663561e-05	0.000000e+00	0.000000e+00	1.814256e-05	0.000000e+00	8.551457e-04	0.000000e+00	0.000000e+00	1.821560e-05	0.000000e+00	0.000000e+00	0.000000e+00	0.000000e+00
k__Bacteria|p__Proteobacteria|c__Gammaproteobacteria|o__Pseudomonadales|f__Moraxellaceae	3.565380e-05	6.839711e-05	6.959669e-05	3.327123e-05	0.000000e+00	8.663709e-05	3.628513e-05	4.806306e-05	2.379536e-03	0.000000e+00	5.711892e-05	7.286240e-05	5.773672e-05	5.614088e-05	1.878746e-05	1.786225e-05
k__Bacteria|p__Proteobacteria|c__Gammaproteobacteria|o__Xanthomonadales|f__Xanthomonadaceae	1.782690e-05	2.906877e-04	5.219752e-05	1.663561e-05	0.000000e+00	5.198226e-05	5.442769e-05	1.602102e-05	6.506544e-04	0.000000e+00	0.000000e+00	0.000000e+00	1.924557e-05	6.924041e-04	3.757491e-05	2.143470e-04
k__Bacteria|p__Tenericutes|c__Mollicutes|o__Mycoplasmatales|f__Mycoplasmataceae	1.782690e-04	0.000000e+00	1.304938e-03	6.321533e-04	2.005872e-04	0.000000e+00	9.434133e-04	2.403153e-04	2.026324e-03	2.490394e-04	2.475153e-04	1.420817e-03	0.000000e+00	4.865543e-04	3.569617e-04	8.931123e-05
k__Bacteria|p__Verrucomicrobia|c__Verrucomicrobiae|o__Verrucomicrobiales|f__Verrucomicrobiaceae	0.000000e+00	0.000000e+00	0.000000e+00	0.000000e+00	0.000000e+00	0.000000e+00	0.000000e+00	0.000000e+00	1.859012e-05	0.000000e+00	0.000000e+00	0.000000e+00	0.000000e+00	0.000000e+00	0.000000e+00	0.000000e+00
k__Archaea|p__Crenarchaeota|c__Thaumarchaeota|o__Cenarchaeales|f__Cenarchaeaceae|g__Nitrosopumilus	0.000000e+00	5.129784e-05	0.000000e+00	1.663561e-05	0.000000e+00	0.000000e+00	0.000000e+00	0.000000e+00	6.320642e-04	0.000000e+00	0.000000e+00	0.000000e+00	0.000000e+00	0.000000e+00	0.000000e+00	0.000000e+00
k__Bacteria|p__Actinobacteria|c__Actinobacteria|o__Actinomycetales|f__Micrococcaceae|g__Rothia	5.348070e-05	1.025957e-04	1.739917e-05	1.663561e-05	3.647040e-05	2.079290e-04	7.257026e-05	5.447147e-04	1.859012e-05	3.557706e-05	1.903964e-05	1.092936e-04	1.732102e-04	3.742725e-05	1.878746e-05	1.786225e-05
k__Bacteria|p__Actinobacteria|c__Actinobacteria|o__Bifidobacteriales|f__Bifidobacteriaceae|g__Bifidobacterium	0.000000e+00	1.709928e-05	8.699586e-05	0.000000e+00	0.000000e+00	6.930968e-05	0.000000e+00	0.000000e+00	5.577037e-05	0.000000e+00	0.000000e+00	1.821560e-05	0.000000e+00	1.122818e-04	0.000000e+00	1.786225e-05
k__Bacteria|p__Actinobacteria|c__Coriobacteriia|o__Coriobacteriales|f__Coriobacteriaceae|g__Adlercreutzia	7.130760e-05	6.839711e-05	1.043950e-04	1.663561e-05	0.000000e+00	4.505129e-04	1.088554e-04	3.204204e-05	4.275729e-04	7.115412e-05	1.903964e-05	0.000000e+00	3.849115e-05	1.871363e-05	1.878746e-05	5.358674e-05
k__Bacteria|p__Actinobacteria|c__Coriobacteriia|o__Coriobacteriales|f__Coriobacteriaceae|g__Collinsella	1.782690e-05	1.966417e-03	6.437694e-04	1.164493e-03	3.282336e-04	6.203216e-03	1.161124e-03	4.806306e-05	9.295062e-05	1.458659e-03	1.903964e-05	2.550184e-04	1.924557e-05	3.742725e-05	1.502997e-04	4.161903e-03
k__Bacteria|p__Bacteroidetes|c__Bacteroidia|o__Bacteroidales|f__Bacteroidaceae|g__5-7N15	1.435066e-02	1.077255e-03	4.471587e-03	2.611791e-03	5.306442e-03	1.732742e-05	9.071282e-05	8.010510e-05	5.577037e-05	7.933684e-03	6.473478e-04	5.118584e-03	5.196305e-04	7.859723e-04	1.208034e-02	3.108031e-03
k__Bacteria|p__Bacteroidetes|c__Bacteroidia|o__Bacteroidales|f__Bacteroidaceae|g__Bacteroides	2.993137e-02	1.234568e-02	1.755576e-02	5.256854e-03	7.549372e-03	6.930968e-05	7.075600e-04	3.043994e-04	5.911660e-03	1.577843e-02	3.922166e-03	1.060148e-02	1.905312e-03	1.223871e-02	1.465422e-02	5.340812e-03
k__Bacteria|p__Bacteroidetes|c__Bacteroidia|o__Bacteroidales|f__Porphyromonadaceae|g__Parabacteroides	8.913450e-03	2.787182e-03	5.254550e-03	1.730104e-03	6.929375e-04	1.732742e-05	1.814256e-05	1.281682e-04	3.160321e-04	2.899530e-03	5.711892e-05	7.468396e-04	3.849115e-04	1.104104e-03	1.296335e-03	1.893398e-03
k__Bacteria|p__Bacteroidetes|c__Bacteroidia|o__Bacteroidales|f__Prevotellaceae|g__Prevotella	0.252482396	0.031531069	0.113059818	0.273023689	0.475993362	0.185438037	0.226237776	0.034893781	0.007566181	0.098833072	0.014165493	0.174578309	0.066531948	0.029960514	0.191406617	0.289404115
k__Bacteria|p__Bacteroidetes|c__Bacteroidia|o__Bacteroidales|f__[Odoribacteraceae]|g__Butyricimonas	2.139228e-04	2.376800e-03	1.270140e-03	2.162630e-04	1.094112e-04	0.000000e+00	0.000000e+00	1.602102e-05	3.718025e-05	5.158674e-04	3.807928e-05	2.368028e-04	0.000000e+00	9.356813e-05	9.393729e-05	2.679337e-04
k__Bacteria|p__Bacteroidetes|c__Bacteroidia|o__Bacteroidales|f__[Paraprevotellaceae]|g__CF231	0.0086282200	0.0049758900	0.0131537739	0.0656274953	0.0023888109	0.0001906016	0.0079645857	0.0004806306	0.0243902439	0.0015653906	0.0411637028	0.0681445590	0.0544457275	0.0339278028	0.0201589419	0.0008752501
k__Bacteria|p__Bacteroidetes|c__Bacteroidia|o__Bacteroidales|f__[Paraprevotellaceae]|g__YRC22	0.0027096889	0.0055059676	0.0020531023	0.0016136545	0.0004923503	0.0000000000	0.0002358533	0.0002242943	0.0001859012	0.0003735591	0.0003046342	0.0005646836	0.0001154734	0.0004116998	0.0007890732	0.0006073164
k__Bacteria|p__Bacteroidetes|c__Bacteroidia|o__Bacteroidales|f__[Paraprevotellaceae]|g__[Prevotella]	0.0536767983	0.0435347628	0.1455092738	0.0073862124	0.0133846350	0.0498856390	0.0165823037	0.0116953443	0.0001487210	0.0312188701	0.0005521496	0.0005100368	0.0103541186	0.0029193256	0.0085295057	0.0721277508
k__Bacteria|p__Firmicutes|c__Bacilli|o__Bacillales|f__Bacillaceae|g__Bacillus	0	0	0	0	0	0	0	0	0	0	0	0	0	0	0	0
k__Bacteria|p__Firmicutes|c__Bacilli|o__Bacillales|f__Planococcaceae|g__Sporosarcina	0	0	0	0	0	0	0	0	0	0	0	0	0	0	0	0
k__Bacteria|p__Firmicutes|c__Bacilli|o__Lactobacillales|f__Enterococcaceae|g__Vagococcus	0.000000e+00	0.000000e+00	0.000000e+00	0.000000e+00	0.000000e+00	1.732742e-05	0.000000e+00	0.000000e+00	3.718025e-05	0.000000e+00	0.000000e+00	0.000000e+00	1.924557e-05	5.614088e-05	1.878746e-05	1.786225e-05
k__Bacteria|p__Firmicutes|c__Bacilli|o__Lactobacillales|f__Lactobacillaceae|g__Lactobacillus	0.009145200	0.009626894	0.014197724	0.012692973	0.005197031	0.004089271	0.106279141	0.024768496	0.138329120	0.031788103	0.081261186	0.124594703	0.250731332	0.056178303	0.031675653	0.058695342
k__Bacteria|p__Firmicutes|c__Bacilli|o__Lactobacillales|f__Streptococcaceae|g__Lactococcus	0.000000e+00	1.367942e-04	0.000000e+00	1.663561e-05	1.823520e-05	1.732742e-05	0.000000e+00	0.000000e+00	1.115407e-04	0.000000e+00	0.000000e+00	0.000000e+00	0.000000e+00	7.485450e-05	0.000000e+00	0.000000e+00
k__Bacteria|p__Firmicutes|c__Bacilli|o__Lactobacillales|f__Streptococcaceae|g__Streptococcus	0.0005348070	0.0014876372	0.0002783867	0.0001829917	0.0002005872	0.0014381758	0.0001269979	0.0038130027	0.0026026175	0.0001956738	0.0001332775	0.0002732340	0.0002117013	0.0006549769	0.0006387736	0.0001607602
k__Bacteria|p__Firmicutes|c__Bacilli|o__Turicibacterales|f__Turicibacteraceae|g__Turicibacter	2.317497e-04	6.839711e-05	3.305843e-04	3.327123e-05	0.000000e+00	3.465484e-05	6.894174e-04	1.602102e-05	2.602617e-04	5.336559e-05	3.807928e-05	1.821560e-05	9.622787e-05	7.485450e-05	0.000000e+00	0.000000e+00
k__Bacteria|p__Firmicutes|c__Clostridia|o__Clostridiales|f__Clostridiaceae|g__Candidatus Arthromitus	6.061146e-04	6.839711e-05	1.739917e-05	1.330849e-04	9.117599e-05	1.178264e-03	4.644496e-03	2.082733e-04	2.751338e-03	1.423082e-04	1.142378e-04	3.278808e-04	1.347190e-04	1.403522e-03	5.636237e-05	5.001429e-04
k__Bacteria|p__Firmicutes|c__Clostridia|o__Clostridiales|f__Clostridiaceae|g__Clostridium	8.236028e-03	2.051913e-03	9.273759e-03	5.489752e-03	0.000000e+00	6.185889e-03	9.379706e-03	2.563363e-04	1.139575e-02	7.115412e-05	1.123339e-02	2.368028e-03	9.199384e-03	1.641185e-02	2.386007e-03	0.000000e+00
k__Bacteria|p__Firmicutes|c__Clostridia|o__Clostridiales|f__Dehalobacteriaceae|g__Dehalobacterium	0.0000000000	0.0000000000	0.0000000000	0.0000000000	0.0000000000	0.0000000000	0.0000000000	0.0000000000	0.0004275729	0.0000000000	0.0001142378	0.0000000000	0.0000000000	0.0002619908	0.0000000000	0.0000000000
k__Bacteria|p__Firmicutes|c__Clostridia|o__Clostridiales|f__Lachnospiraceae|g__Anaerostipes	1.782690e-05	0.000000e+00	1.739917e-05	8.317807e-05	0.000000e+00	0.000000e+00	0.000000e+00	0.000000e+00	0.000000e+00	0.000000e+00	1.142378e-04	0.000000e+00	0.000000e+00	0.000000e+00	1.878746e-05	0.000000e+00
k__Bacteria|p__Firmicutes|c__Clostridia|o__Clostridiales|f__Lachnospiraceae|g__Blautia	0.171423478	0.214903731	0.322859032	0.207545914	0.058735571	0.181366094	0.204648125	0.711877984	0.003903926	0.096111427	0.003103461	0.019053517	0.001250962	0.004173138	0.036466455	0.117069163
k__Bacteria|p__Firmicutes|c__Clostridia|o__Clostridiales|f__Lachnospiraceae|g__Clostridium	0	0	0	0	0	0	0	0	0	0	0	0	0	0	0	0
k__Bacteria|p__Firmicutes|c__Clostridia|o__Clostridiales|f__Lachnospiraceae|g__Coprococcus	0.0009804795	0.0112513252	0.0018791106	0.0009981368	0.0049599737	0.0003812032	0.0016146882	0.0012175975	0.0093694230	0.0010495233	0.0139179772	0.0037341980	0.0035796767	0.0122574246	0.0181862589	0.0008752501
k__Bacteria|p__Firmicutes|c__Clostridia|o__Clostridiales|f__Lachnospiraceae|g__Dorea	0.0061859346	0.0121062891	0.0020357031	0.0022957147	0.0016046974	0.0010049903	0.0021952503	0.0004806306	0.0038295657	0.0032375125	0.0029321046	0.0041349412	0.0030215550	0.0020023579	0.0028556935	0.0031437554
k__Bacteria|p__Firmicutes|c__Clostridia|o__Clostridiales|f__Lachnospiraceae|g__Lachnospira	0.000000e+00	1.367942e-04	5.219752e-05	0.000000e+00	0.000000e+00	0.000000e+00	3.628513e-05	1.121471e-04	0.000000e+00	2.490394e-04	5.769011e-03	3.297024e-03	0.000000e+00	0.000000e+00	0.000000e+00	1.143184e-03
k__Bacteria|p__Firmicutes|c__Clostridia|o__Clostridiales|f__Lachnospiraceae|g__Roseburia	0.0033336304	0.0116104100	0.0019661064	0.0115451158	0.0796331078	0.0005198226	0.0083455796	0.0012496395	0.0165080309	0.1853564821	0.0600129470	0.1114976866	0.0147998460	0.0094129536	0.0102955267	0.1091740497
k__Bacteria|p__Firmicutes|c__Clostridia|o__Clostridiales|f__Lachnospiraceae|g__[Ruminococcus]	0.0311970764	0.0028213809	0.0011309462	0.0009815012	0.0029905724	0.0001386194	0.0018505416	0.0007850300	0.0136823319	0.0007471183	0.0174783900	0.0040985100	0.0029060816	0.0111907480	0.0112536870	0.0021256073
k__Bacteria|p__Firmicutes|c__Clostridia|o__Clostridiales|f__Peptococcaceae|g__rc4-4	3.565380e-04	1.385042e-03	2.122699e-03	6.587703e-03	2.917632e-04	5.198226e-05	2.503674e-03	1.602102e-05	4.889203e-03	7.115412e-04	2.970184e-03	2.368028e-03	9.738260e-03	1.764695e-02	1.916321e-03	2.500714e-04
k__Bacteria|p__Firmicutes|c__Clostridia|o__Clostridiales|f__Ruminococcaceae|g__Oscillospira	0.003119708	0.022553948	0.032101472	0.030426537	0.012673462	0.015213474	0.015602605	0.001249640	0.105703450	0.033086666	0.129412437	0.054355350	0.037682833	0.037408537	0.085464144	0.025739497
k__Bacteria|p__Firmicutes|c__Clostridia|o__Clostridiales|f__Ruminococcaceae|g__Ruminococcus	0.021641858	0.013662323	0.026986115	0.019496939	0.008005252	0.011366787	0.053266569	0.023278541	0.036827037	0.010708695	0.048798599	0.015210026	0.048267898	0.050807493	0.078137036	0.012950129
k__Bacteria|p__Firmicutes|c__Clostridia|o__Clostridiales|f__Veillonellaceae|g__Megamonas	3.663428e-02	6.497726e-04	1.391934e-04	1.663561e-04	1.046700e-01	2.868727e-01	2.888296e-02	3.204204e-05	9.295062e-04	1.735627e-01	5.711892e-05	7.286240e-05	1.732102e-04	3.929861e-04	3.344167e-03	6.228565e-02
k__Bacteria|p__Firmicutes|c__Clostridia|o__Clostridiales|f__Veillonellaceae|g__Phascolarctobacterium	0.019930475	0.006429329	0.001513728	0.001896460	0.003264100	0.032454256	0.033001324	0.006824954	0.016433670	0.002686068	0.006283081	0.002349812	0.002213241	0.004322847	0.004415053	0.004662046
k__Bacteria|p__Firmicutes|c__Erysipelotrichi|o__Erysipelotrichales|f__Erysipelotrichaceae|g__Allobaculum	0.0054906854	0.0120720906	0.0046977764	0.0007486026	0.0035923339	0.0029629886	0.0104864021	0.0015540389	0.0025468471	0.0029173189	0.0001142378	0.0000910780	0.0008852964	0.0001684226	0.0008266481	0.0010360103
k__Bacteria|p__Firmicutes|c__Erysipelotrichi|o__Erysipelotrichales|f__Erysipelotrichaceae|g__Coprobacillus	3.565380e-05	2.222906e-04	1.043950e-04	6.820602e-04	2.552928e-04	1.975326e-03	1.451405e-04	3.204204e-05	0.000000e+00	3.860111e-03	1.903964e-05	0.000000e+00	8.852964e-04	4.678406e-04	2.630244e-04	8.752501e-04
k__Bacteria|p__Firmicutes|c__Erysipelotrichi|o__Erysipelotrichales|f__Erysipelotrichaceae|g__Holdemania	1.158749e-03	6.326733e-04	3.479834e-05	7.818738e-04	8.023487e-04	2.945661e-03	5.442769e-05	1.602102e-05	1.859012e-05	4.802903e-04	1.903964e-05	1.457248e-04	2.309469e-04	3.742725e-05	1.127247e-04	5.537296e-04
k__Bacteria|p__Firmicutes|c__Erysipelotrichi|o__Erysipelotrichales|f__Erysipelotrichaceae|g__[Eubacterium]	1.497460e-03	0.000000e+00	2.087901e-04	3.327123e-05	3.099984e-04	1.906016e-04	1.814256e-05	4.485885e-04	1.673111e-04	6.581756e-04	5.711892e-05	3.460964e-04	0.000000e+00	0.000000e+00	0.000000e+00	2.143470e-04
k__Bacteria|p__Firmicutes|c__Erysipelotrichi|o__Erysipelotrichales|f__Erysipelotrichaceae|g__p-75-a5	0.000000e+00	1.025957e-04	4.697776e-04	7.652382e-04	1.276464e-04	0.000000e+00	9.615559e-04	1.602102e-05	1.859012e-05	1.778853e-05	2.094360e-04	3.460964e-04	7.313318e-04	7.485450e-05	3.569617e-04	5.358674e-05
k__Bacteria|p__Fusobacteria|c__Fusobacteriia|o__Fusobacteriales|f__Fusobacteriaceae|g__Cetobacterium	0.000000e+00	0.000000e+00	0.000000e+00	0.000000e+00	0.000000e+00	0.000000e+00	1.814256e-05	0.000000e+00	2.658388e-03	0.000000e+00	0.000000e+00	0.000000e+00	0.000000e+00	0.000000e+00	0.000000e+00	1.786225e-05
k__Bacteria|p__Proteobacteria|c__Alphaproteobacteria|o__Sphingomonadales|f__Sphingomonadaceae|g__Sphingomonas	0.000000e+00	1.709928e-05	0.000000e+00	0.000000e+00	0.000000e+00	0.000000e+00	1.814256e-05	1.602102e-05	1.487210e-04	0.000000e+00	1.903964e-05	1.821560e-05	0.000000e+00	0.000000e+00	0.000000e+00	0.000000e+00
k__Bacteria|p__Proteobacteria|c__Betaproteobacteria|o__Burkholderiales|f__Alcaligenaceae|g__Sutterella	0.010678314	0.010755446	0.042192992	0.017450759	0.009810536	0.005250208	0.027431557	0.017927521	0.019779893	0.026309236	0.002094360	0.003442748	0.006351039	0.008888972	0.003663554	0.017379966
k__Bacteria|p__Proteobacteria|c__Betaproteobacteria|o__Burkholderiales|f__Oxalobacteraceae|g__Oxalobacter	3.565380e-05	1.880921e-04	1.391934e-04	1.996274e-04	5.470559e-05	4.505129e-04	3.628513e-05	2.563363e-04	3.718025e-04	5.692330e-04	7.615856e-05	1.275092e-04	5.196305e-04	6.175496e-04	2.254495e-04	2.322092e-04
k__Bacteria|p__Proteobacteria|c__Deltaproteobacteria|o__Desulfovibrionales|f__Desulfovibrionaceae|g__Desulfovibrio	8.182547e-03	5.694060e-03	1.565925e-04	6.654245e-05	7.841135e-04	1.455503e-03	1.451405e-04	2.242943e-04	2.360946e-03	4.838480e-03	1.075740e-02	2.313381e-03	6.581986e-03	1.407265e-02	7.477408e-03	3.036582e-03
k__Bacteria|p__Proteobacteria|c__Gammaproteobacteria|o__Enterobacteriales|f__Enterobacteriaceae|g__Erwinia	0.000000e+00	2.393899e-04	6.959669e-05	0.000000e+00	0.000000e+00	0.000000e+00	0.000000e+00	0.000000e+00	1.115407e-04	0.000000e+00	1.903964e-05	1.821560e-05	0.000000e+00	1.871363e-05	0.000000e+00	0.000000e+00
k__Bacteria|p__Proteobacteria|c__Gammaproteobacteria|o__Pasteurellales|f__Pasteurellaceae|g__Haemophilus	0.000000e+00	0.000000e+00	0.000000e+00	1.663561e-05	0.000000e+00	0.000000e+00	1.814256e-05	0.000000e+00	8.551457e-04	0.000000e+00	0.000000e+00	1.821560e-05	0.000000e+00	0.000000e+00	0.000000e+00	0.000000e+00
k__Bacteria|p__Proteobacteria|c__Gammaproteobacteria|o__Pseudomonadales|f__Moraxellaceae|g__Moraxella	1.782690e-05	0.000000e+00	0.000000e+00	3.327123e-05	0.000000e+00	1.732742e-05	0.000000e+00	0.000000e+00	4.275729e-04	0.000000e+00	0.000000e+00	5.464680e-05	0.000000e+00	1.871363e-05	0.000000e+00	0.000000e+00
k__Bacteria|p__Proteobacteria|c__Gammaproteobacteria|o__Pseudomonadales|f__Moraxellaceae|g__Psychrobacter	1.782690e-05	6.839711e-05	5.219752e-05	0.000000e+00	0.000000e+00	6.930968e-05	0.000000e+00	4.806306e-05	0.000000e+00	0.000000e+00	0.000000e+00	1.821560e-05	5.773672e-05	0.000000e+00	1.878746e-05	0.000000e+00
k__Bacteria|p__Proteobacteria|c__Gammaproteobacteria|o__Xanthomonadales|f__Xanthomonadaceae|g__Stenotrophomonas	1.782690e-05	2.906877e-04	5.219752e-05	1.663561e-05	0.000000e+00	5.198226e-05	0.000000e+00	1.602102e-05	9.295062e-05	0.000000e+00	0.000000e+00	0.000000e+00	0.000000e+00	1.871363e-05	3.757491e-05	1.964847e-04
k__Bacteria|p__Tenericutes|c__Mollicutes|o__Mycoplasmatales|f__Mycoplasmataceae|g__Mycoplasma	1.782690e-04	0.000000e+00	1.304938e-03	6.321533e-04	2.005872e-04	0.000000e+00	9.434133e-04	2.403153e-04	2.026324e-03	2.490394e-04	2.475153e-04	1.420817e-03	0.000000e+00	4.865543e-04	3.569617e-04	8.931123e-05
k__Bacteria|p__Verrucomicrobia|c__Verrucomicrobiae|o__Verrucomicrobiales|f__Verrucomicrobiaceae|g__Akkermansia	0.000000e+00	0.000000e+00	0.000000e+00	0.000000e+00	0.000000e+00	0.000000e+00	0.000000e+00	0.000000e+00	1.859012e-05	0.000000e+00	0.000000e+00	0.000000e+00	0.000000e+00	0.000000e+00	0.000000e+00	0.000000e+00
