m.z	p.value	t.score
135.05444	4.330035289787612e-5	98
368.29236	4.871289701011063e-4	93
386.30321	4.871289701011063e-4	93
812.4579	7.252809110394249e-4	8
217.10611	7.252809110394249e-4	92
305.13743	0.001050033557773496	91
133.03746	0.001050033557773496	91
259.15282	0.001050033557773496	91
196.08478	0.001050033557773496	91
410.31838	0.0015046872632011952	90
192.10094	0.0015046872632011952	90
235.12065	0.0015046872632011952	90
110.03673	0.0015046872632011952	90
282.21919	0.0015046872632011952	90
384.20483	0.0015046872632011952	10
124.01917	0.0020892420273225226	89
436.28235	0.0020892420273225226	89
358.11139	0.0020892420273225226	89
329.15869	0.0020892420273225226	89
369.32416	0.0020892420273225226	89
474.37053	0.002879473467708762	88
294.15776	0.002879473467708762	88
201.13649	0.002879473467708762	88
175.04799	0.002879473467708762	88
188.14115	0.002879473467708762	88
428.26976	0.002879473467708762	12
306.20412	0.003886206672584382	87
325.10072	0.003886206672584382	87
408.43542	0.003886206672584382	13
357.26275	0.003886206672584382	87
276.09955	0.003886206672584382	87
90.03166	0.0051960423477451344	86
590.31239	0.0051960423477451344	14
216.14726	0.0051960423477451344	86
236.11588	0.0051960423477451344	86
170.09424	0.0051960423477451344	86
942.524	0.0051960423477451344	14
436.09895	0.006841455757864427	85
890.73509	0.006841455757864427	85
264.14713	0.006841455757864427	85
160.10994	0.006841455757864427	85
506.28316	0.006841455757864427	15
385.31889	0.006841455757864427	85
940.50441	0.00893069778518695	16
386.28233	0.00893069778518695	84
333.17219	0.00893069778518695	84
530.39695	0.00893069778518695	84
88.05238	0.00893069778518695	84
262.1348	0.00893069778518695	84
117.05778	0.00893069778518695	84
288.09713	0.00893069778518695	16
276.17232	0.00893069778518695	84
422.15426	0.011496243694386109	83
99.0684	0.011496243694386109	83
150.05274	0.011496243694386109	83
144.11496	0.011496243694386109	83
154.02658	0.011496243694386109	83
287.14803	0.011496243694386109	83
274.13148	0.011496243694386109	83
249.13618	0.011496243694386109	83
388.24575	0.014689644720604474	18
440.32876	0.014689644720604474	82
159.08953	0.014689644720604474	82
528.38084	0.014689644720604474	82
450.27885	0.014689644720604474	18
110.04794	0.014689644720604474	82
456.35977	0.014689644720604474	82
175.04807	0.014689644720604474	82
210.07382	0.014689644720604474	82
314.15908	0.014689644720604474	82
258.11014	0.014689644720604474	82
345.18989	0.014689644720604474	82
207.16222	0.014689644720604474	82
276.24525	0.014689644720604474	82
172.08474	0.01854337612851545	81
149.04761	0.01854337612851545	81
310.17768	0.01854337612851545	19
956.50154	0.01854337612851545	19
174.08914	0.01854337612851545	81
436.25878	0.01854337612851545	81
190.0953	0.01854337612851545	81
263.15184	0.01854337612851545	81
376.29743	0.01854337612851545	81
176.10477	0.01854337612851545	81
322.01237	0.01854337612851545	81
140.05854	0.01854337612851545	81
124.0524	0.01854337612851545	81
372.30277	0.01854337612851545	81
648.38921	0.023230639329710537	20
551.39273	0.023230639329710537	80
350.18414	0.023230639329710537	80
374.13299	0.023230639329710537	80
400.22585	0.023230639329710537	20
281.15257	0.023230639329710537	20
211.12075	0.023230639329710537	80
192.06336	0.023230639329710537	80
172.10992	0.023230639329710537	80
178.08406	0.023230639329710537	80
130.09931	0.023230639329710537	80
422.08241	0.023230639329710537	80
208.09459	0.023230639329710537	80
374.28363	0.023230639329710537	80
382.21208	0.023230639329710537	80
432.32376	0.023230639329710537	20
221.06866	0.023230639329710537	80
294.12141	0.023230639329710537	80
960.49203	0.023230639329710537	20
594.20182	0.023230639329710537	80
928.50599	0.028805559765312086	21
133.0376	0.028805559765312086	79
98.07314	0.028805559765312086	79
274.14149	0.028805559765312086	79
154.00313	0.028805559765312086	79
320.10218	0.028805559765312086	79
144.05743	0.028805559765312086	79
262.04503	0.028805559765312086	79
430.32301	0.028805559765312086	79
412.24542	0.028805559765312086	21
167.05821	0.028805559765312086	79
173.10519	0.028805559765312086	79
246.18286	0.028805559765312086	79
128.01095	0.028805559765312086	79
189.04256	0.035462989023360536	22
370.23638	0.035462989023360536	22
230.16287	0.035462989023360536	78
233.08976	0.035462989023360536	78
504.34468	0.035462989023360536	22
112.08873	0.035462989023360536	78
260.13695	0.035462989023360536	78
188.1412	0.035462989023360536	78
174.06384	0.035462989023360536	78
298.12021	0.035462989023360536	78
252.11461	0.035462989023360536	78
82.04182	0.035462989023360536	78
387.13322	0.035462989023360536	78
81.98191	0.035462989023360536	78
232.13099	0.035462989023360536	78
244.08704	0.035462989023360536	78
760.29921	0.035462989023360536	22
406.41566	0.035462989023360536	22
168.11495	0.04325705254497823	23
574.36567	0.04325705254497823	77
244.18317	0.04325705254497823	77
490.29095	0.04325705254497823	23
182.09247	0.04325705254497823	77
116.08369	0.04325705254497823	77
280.23973	0.04325705254497823	77
346.28707000000003	0.04325705254497823	77
190.06288	0.04325705254497823	77
406.30789	0.04325705254497823	77
195.05643	0.04325705254497823	77
94.05304	0.04325705254497823	77
128.08368	0.04325705254497823	77
260.12581	0.04325705254497823	23
328.22499	0.04325705254497823	77
331.21076	0.04325705254497823	77
328.131	0.04325705254497823	23
244.08154	0.04325705254497823	77
157.03755	0.04325705254497823	77
240.17236	0.04325705254497823	77
397.35551	0.04325705254497823	77
404.27632	0.04325705254497823	23
500.33461	0.0524259022711035	24
197.06891	0.0524259022711035	76
174.10036	0.0524259022711035	76
113.04764	0.0524259022711035	76
568.30664	0.0524259022711035	24
251.15196	0.0524259022711035	76
546.31801	0.0524259022711035	24
132.01765	0.0524259022711035	76
453.27254	0.0524259022711035	24
462.2976	0.0524259022711035	76
111.98335	0.0524259022711035	76
446.33931	0.0524259022711035	76
284.0682	0.0524259022711035	24
339.15315	0.0524259022711035	76
100.05235	0.0524259022711035	76
298.14171	0.0524259022711035	76
244.06931	0.0524259022711035	24
233.06863	0.0524259022711035	76
180.04222	0.0524259022711035	76
128.12005	0.0524259022711035	76
338.11296	0.06301283855463422	75
186.13672	0.06301283855463422	75
553.31477	0.06301283855463422	75
661.3132	0.06301283855463422	25
321.16884	0.06301283855463422	75
344.23277	0.06301283855463422	75
156.01853	0.06301283855463422	75
430.26991	0.06301283855463422	75
102.06799	0.06301283855463422	75
129.04259	0.06301283855463422	75
95.03708	0.06301283855463422	75
242.08025	0.06301283855463422	75
406.27189	0.06301283855463422	25
157.07389	0.06301283855463422	25
221.08982	0.06301283855463422	25
147.03206	0.06301283855463422	75
316.26119	0.06301283855463422	25
262.1678	0.06301283855463422	75
421.28274	0.06301283855463422	25
134.02147	0.06301283855463422	75
250.12027	0.06301283855463422	75
350.24559	0.06301283855463422	75
138.07903	0.06301283855463422	75
116.08364	0.06301283855463422	75
424.28234	0.06301283855463422	75
256.11701	0.06301283855463422	75
480.12434	0.06301283855463422	75
262.12023	0.06301283855463422	75
258.18292	0.06301283855463422	75
255.25608	0.06301283855463422	75
144.0422	0.07525601333650869	74
170.05789	0.07525601333650869	74
554.45442	0.07525601333650869	74
439.26953	0.07525601333650869	26
402.29823	0.07525601333650869	74
384.12682	0.07525601333650869	74
186.10032	0.07525601333650869	74
412.13047	0.07525601333650869	74
687.15143	0.07525601333650869	26
480.34473	0.07525601333650869	26
404.25611	0.07525601333650869	26
340.13789	0.07525601333650869	74
166.06291	0.07525601333650869	74
102.03162	0.07525601333650869	74
314.15166	0.07525601333650869	26
275.11542	0.07525601333650869	74
111.04321	0.07525601333650869	74
262.19294	0.07525601333650869	26
200.14112	0.07525601333650869	26
482.28743	0.07525601333650869	26
256.13089	0.07525601333650869	26
298.07343	0.07525601333650869	74
149.07013	0.07525601333650869	74
464.34974	0.07525601333650869	74
268.06932	0.07525601333650869	74
318.07372	0.07525601333650869	74
226.0588	0.07525601333650869	26
342.25578	0.07525601333650869	74
425.15363	0.07525601333650869	74
327.27722	0.07525601333650869	74
341.1308	0.07525601333650869	74
286.0837	0.07525601333650869	74
388.15546	0.08920955205784928	73
402.24763	0.08920955205784928	73
167.09448	0.08920955205784928	73
462.27373	0.08920955205784928	27
378.20036	0.08920955205784928	73
622.40953	0.08920955205784928	27
102.04991	0.08920955205784928	73
276.12065	0.08920955205784928	73
174.12553	0.08920955205784928	73
346.14151	0.08920955205784928	27
197.98337	0.08920955205784928	73
194.13057	0.08920955205784928	27
416.32888	0.08920955205784928	73
344.27159	0.08920955205784928	27
284.27107	0.08920955205784928	73
276.09548	0.08920955205784928	73
202.08421	0.08920955205784928	73
158.06914	0.08920955205784928	27
176.12008	0.08920955205784928	27
339.27712	0.08920955205784928	73
260.0794	0.08920955205784928	73
150.06798	0.08920955205784928	73
186.12559	0.08920955205784928	27
426.31303	0.08920955205784928	73
195.13709	0.08920955205784928	73
310.11638	0.08920955205784928	73
425.19848	0.08920955205784928	73
236.14113	0.08920955205784928	73
182.07902	0.08920955205784928	73
346.14844	0.08920955205784928	73
241.13127	0.10512243174781875	72
190.10266	0.10512243174781875	72
122.00371	0.10512243174781875	72
375.21953	0.10512243174781875	72
532.3056	0.10512243174781875	28
346.2867	0.10512243174781875	72
301.16363	0.10512243174781875	72
530.30879	0.10512243174781875	28
148.05238	0.10512243174781875	72
170.06906	0.10512243174781875	72
516.27416	0.10512243174781875	72
183.02149	0.10512243174781875	72
130.09937	0.10512243174781875	72
350.28195	0.10512243174781875	72
124.06361	0.10512243174781875	72
324.17549	0.10512243174781875	72
250.01454	0.10512243174781875	72
500.34974	0.10512243174781875	72
327.31365	0.10512243174781875	72
294.25522	0.10512243174781875	72
220.08795	0.10512243174781875	72
212.1411	0.10512243174781875	72
306.2556	0.10512243174781875	72
172.04834	0.10512243174781875	72
175.06326	0.10512243174781875	72
413.29264	0.10512243174781875	72
181.03743	0.10512243174781875	72
203.09057	0.10512243174781875	72
670.42952	0.10512243174781875	28
328.29762	0.10512243174781875	72
283.28731	0.10512243174781875	72
273.09984	0.1230054774946416	71
295.15306	0.1230054774946416	71
258.01365	0.1230054774946416	71
374.31855	0.1230054774946416	71
436.21285	0.1230054774946416	71
326.11136	0.1230054774946416	71
1152.58462	0.1230054774946416	29
159.06836	0.1230054774946416	71
426.26188	0.1230054774946416	29
234.10029	0.1230054774946416	71
205.0374	0.1230054774946416	29
88.01598	0.1230054774946416	71
298.28691	0.1230054774946416	71
155.06949	0.1230054774946416	71
332.27131	0.1230054774946416	71
166.06286	0.1230054774946416	71
276.20859	0.1230054774946416	71
242.15169	0.1230054774946416	71
198.06399	0.1230054774946416	71
132.04222	0.1230054774946416	71
180.08979	0.1230054774946416	29
193.05857	0.1230054774946416	71
142.13572	0.1230054774946416	71
258.08904	0.1230054774946416	71
384.22985	0.1230054774946416	71
122.07308	0.1230054774946416	71
486.31886	0.1230054774946416	29
332.16221	0.1230054774946416	71
242.09409	0.1230054774946416	71
398.31841	0.1230054774946416	71
137.08403	0.1230054774946416	71
505.31602	0.1230054774946416	71
114.068	0.1230054774946416	71
508.41227	0.1230054774946416	71
402.27699	0.1230054774946416	29
200.08351	0.1230054774946416	71
412.19179	0.143140141592154	30
279.07412	0.143140141592154	70
223.03018	0.143140141592154	70
188.09481	0.143140141592154	70
442.36589	0.143140141592154	70
227.01794	0.143140141592154	70
256.2398	0.143140141592154	70
309.30304	0.143140141592154	70
302.1629	0.143140141592154	70
332.23832	0.143140141592154	70
434.33932	0.143140141592154	70
300.26623	0.143140141592154	70
138.04291	0.143140141592154	70
578.49141	0.143140141592154	70
148.03714	0.143140141592154	70
326.28177	0.143140141592154	30
121.05266	0.143140141592154	70
506.32377	0.143140141592154	70
596.34785	0.143140141592154	30
138.0429	0.143140141592154	30
148.05547	0.143140141592154	70
146.02157	0.143140141592154	30
410.24516	0.143140141592154	70
324.16838	0.143140141592154	70
432.35959	0.143140141592154	70
380.25596	0.143140141592154	70
165.11529	0.143140141592154	70
252.17225	0.143140141592154	70
184.03711	0.143140141592154	30
192.06327	0.143140141592154	70
318.21934	0.143140141592154	30
360.17854	0.143140141592154	70
119.03705	0.16549394877568255	69
101.04766	0.16549394877568255	69
184.09999	0.16549394877568255	69
458.37562	0.16549394877568255	69
231.14687	0.16549394877568255	69
302.17375	0.16549394877568255	69
189.07893	0.16549394877568255	69
256.16726	0.16549394877568255	69
178.09921	0.16549394877568255	69
293.11094	0.16549394877568255	69
462.26192	0.16549394877568255	31
364.16674	0.16549394877568255	69
136.08876	0.16549394877568255	69
188.07966	0.16549394877568255	69
430.32967	0.16549394877568255	31
460.3549	0.16549394877568255	69
263.09058	0.16549394877568255	69
260.0294	0.16549394877568255	69
232.08455	0.16549394877568255	31
336.22989	0.16549394877568255	69
218.12652	0.16549394877568255	69
183.10073	0.16549394877568255	69
188.0585	0.16549394877568255	69
280.20353	0.16549394877568255	69
348.12069	0.16549394877568255	69
211.08452	0.16549394877568255	31
162.06404	0.16549394877568255	69
225.13637	0.16549394877568255	69
245.13726	0.16549394877568255	69
450.37073	0.16549394877568255	69
541.30652	0.16549394877568255	31
392.25587	0.16549394877568255	69
289.11793	0.16549394877568255	69
308.2713	0.16549394877568255	69
286.25031	0.16549394877568255	31
322.21432	0.16549394877568255	31
228.12246	0.16549394877568255	69
400.21116	0.16549394877568255	31
302.13643	0.16549394877568255	69
244.10966	0.16549394877568255	69
181.11023	0.19031587607439004	68
194.06897	0.19031587607439004	68
282.08896	0.19031587607439004	68
181.0601	0.19031587607439004	32
456.32436	0.19031587607439004	32
442.29194	0.19031587607439004	32
177.07898	0.19031587607439004	68
368.11059	0.19031587607439004	32
238.08409	0.19031587607439004	68
351.15407	0.19031587607439004	68
367.13805	0.19031587607439004	68
128.04734	0.19031587607439004	68
418.29277	0.19031587607439004	68
538.29048	0.19031587607439004	68
164.06847	0.19031587607439004	68
942.52302	0.19031587607439004	32
174.05281	0.19031587607439004	68
257.07201	0.19031587607439004	68
244.10578	0.19031587607439004	68
501.16954	0.19031587607439004	68
182.04399	0.19031587607439004	32
536.29848	0.19031587607439004	32
230.11519	0.19031587607439004	68
248.17733	0.19031587607439004	32
199.08428	0.19031587607439004	68
97.97682	0.19031587607439004	68
566.05531	0.19031587607439004	68
473.25233	0.19031587607439004	32
89.04765	0.19031587607439004	68
342.1162	0.19031587607439004	68
416.24102	0.19031587607439004	68
417.3239	0.19031587607439004	68
200.10479	0.19031587607439004	68
364.29728	0.19031587607439004	32
198.12372	0.19031587607439004	32
164.0507	0.19031587607439004	68
291.13169	0.19031587607439004	68
320.27142	0.19031587607439004	68
338.31841	0.19031587607439004	68
328.18846	0.19031587607439004	68
258.16175	0.19031587607439004	68
318.10977	0.19031587607439004	32
470.36076	0.19031587607439004	68
162.05279	0.19031587607439004	68
205.07681	0.19031587607439004	68
206.09416	0.19031587607439004	68
214.19311	0.19031587607439004	32
356.29246	0.19031587607439004	68
407.3034	0.19031587607439004	68
340.22499	0.19031587607439004	32
172.07224	0.19031587607439004	32
452.20087	0.21756262313537858	67
502.32887	0.21756262313537858	33
168.0283	0.21756262313537858	33
416.29298	0.21756262313537858	67
598.20491	0.21756262313537858	33
344.29262	0.21756262313537858	67
374.13658	0.21756262313537858	33
360.30267	0.21756262313537858	67
237.13626	0.21756262313537858	67
446.30308	0.21756262313537858	67
236.17751	0.21756262313537858	67
477.31678	0.21756262313537858	67
310.28696	0.21756262313537858	67
236.12819	0.21756262313537858	67
504.27505	0.21756262313537858	33
508.24955	0.21756262313537858	33
136.03848	0.21756262313537858	67
561.35335	0.21756262313537858	67
450.22749	0.21756262313537858	33
302.11133	0.21756262313537858	33
202.12044	0.21756262313537858	67
163.03023	0.21756262313537858	67
111.032	0.21756262313537858	67
187.12079	0.21756262313537858	67
400.29747	0.21756262313537858	67
560.48073	0.21756262313537858	67
354.23805	0.21756262313537858	67
206.0424	0.21756262313537858	67
480.30669	0.21756262313537858	67
240.12218	0.21756262313537858	67
318.1578	0.21756262313537858	67
484.31981	0.21756262313537858	33
126.03166	0.21756262313537858	67
162.08918	0.21756262313537858	67
204.13612	0.21756262313537858	67
272.23478	0.21756262313537858	33
574.49403	0.21756262313537858	67
137.04764	0.21756262313537858	67
785.16026	0.21756262313537858	67
210.12551	0.21756262313537858	33
416.27355	0.21756262313537858	67
346.23545	0.21756262313537858	67
158.02148	0.21756262313537858	67
334.18903	0.21756262313537858	33
496.27638	0.21756262313537858	67
416.23256	0.21756262313537858	67
472.24922	0.21756262313537858	33
496.27748	0.21756262313537858	33
428.24104	0.21756262313537858	67
122.03674	0.21756262313537858	67
185.07985	0.21756262313537858	67
210.05272	0.21756262313537858	33
286.21368	0.21756262313537858	67
340.24026	0.21756262313537858	67
181.07387	0.21756262313537858	67
198.16179	0.21756262313537858	67
186.12546	0.21756262313537858	33
208.18247	0.21756262313537858	33
254.11526	0.21756262313537858	67
280.07275	0.21756262313537858	67
173.06879	0.21756262313537858	67
412.15963	0.21756262313537858	67
161.03232	0.21756262313537858	67
990.33067	0.21756262313537858	67
452.13163	0.21756262313537858	67
184.14621	0.21756262313537858	33
164.12011999999999	0.24745069172313758	66
413.31387	0.24745069172313758	34
248.14094	0.24745069172313758	66
108.05746	0.24745069172313758	66
436.35481	0.24745069172313758	66
372.28765	0.24745069172313758	66
300.13798	0.24745069172313758	34
369.21513	0.24745069172313758	66
474.15832	0.24745069172313758	66
398.17424	0.24745069172313758	34
500.16824	0.24745069172313758	34
330.24067	0.24745069172313758	66
401.24206	0.24745069172313758	34
119.05821	0.24745069172313758	66
534.37031	0.24745069172313758	66
349.22492	0.24745069172313758	34
594.34174	0.24745069172313758	66
161.04764	0.24745069172313758	66
159.05313	0.24745069172313758	66
290.04002	0.24745069172313758	66
130.06297	0.24745069172313758	66
288.19339	0.24745069172313758	66
464.28959	0.24745069172313758	66
165.0426	0.24745069172313758	66
274.08378	0.24745069172313758	66
75.032	0.24745069172313758	66
198.10025	0.24745069172313758	66
326.12204	0.24745069172313758	66
386.28198	0.24745069172313758	66
475.29892	0.24745069172313758	34
230.12648	0.24745069172313758	66
151.07417	0.24745069172313758	66
518.14188	0.24745069172313758	34
334.28703	0.24745069172313758	66
227.07922	0.24745069172313758	66
122.03687	0.24745069172313758	66
104.04732	0.24745069172313758	66
160.09988	0.24745069172313758	66
308.23475	0.24745069172313758	34
156.01711	0.24745069172313758	66
308.15235	0.24745069172313758	34
268.07345	0.24745069172313758	66
125.05881	0.24745069172313758	66
160.08475	0.24745069172313758	34
234.08499	0.24745069172313758	66
330.16765	0.24745069172313758	34
442.34453	0.24745069172313758	66
203.11572	0.24745069172313758	34
222.06726	0.24745069172313758	66
220.10983	0.24745069172313758	66
254.18801	0.24745069172313758	66
307.12659	0.24745069172313758	66
230.01892	0.24745069172313758	66
312.13598	0.24745069172313758	66
139.07456	0.24745069172313758	66
559.07235	0.27986100586719787	35
200.15646	0.27986100586719787	35
161.06883	0.27986100586719787	65
538.29563	0.27986100586719787	35
134.0732	0.27986100586719787	65
270.25549	0.27986100586719787	35
529.31442	0.27986100586719787	65
509.30464	0.27986100586719787	35
227.0191	0.27986100586719787	65
568.2868	0.27986100586719787	35
188.12735	0.27986100586719787	65
512.29747	0.27986100586719787	35
142.07422	0.27986100586719787	65
110.0367	0.27986100586719787	65
187.08441	0.27986100586719787	65
884.68794	0.27986100586719787	65
309.10581	0.27986100586719787	65
412.03176	0.27986100586719787	65
324.3027	0.27986100586719787	65
204.11094	0.27986100586719787	65
528.14144	0.27986100586719787	65
366.20419	0.27986100586719787	65
131.09499	0.27986100586719787	65
301.14255000000003	0.27986100586719787	65
578.38205	0.27986100586719787	65
290.22425	0.27986100586719787	35
214.05895	0.27986100586719787	35
176.06839	0.27986100586719787	65
326.31832000000003	0.27986100586719787	65
136.06367	0.27986100586719787	65
313.26161	0.27986100586719787	65
470.37569	0.27986100586719787	65
180.0786	0.27986100586719787	65
185.009	0.27986100586719787	35
231.1257	0.27986100586719787	65
541.31457	0.27986100586719787	35
298.12628	0.27986100586719787	35
147.06834	0.27986100586719787	65
468.3445	0.27986100586719787	65
316.20388	0.27986100586719787	35
179.0693	0.27986100586719787	65
469.30602	0.27986100586719787	65
208.07347	0.27986100586719787	65
226.04764	0.27986100586719787	35
331.11351	0.31499924224382436	64
151.06332	0.31499924224382436	64
390.27683	0.31499924224382436	64
298.08398999999997	0.31499924224382436	64
516.29239	0.31499924224382436	64
705.52809	0.31499924224382436	64
527.30033	0.31499924224382436	64
504.34456	0.31499924224382436	36
362.2126	0.31499924224382436	64
218.09008	0.31499924224382436	64
466.23284	0.31499924224382436	36
266.11485	0.31499924224382436	64
498.28193	0.31499924224382436	36
223.10678	0.31499924224382436	64
500.30089	0.31499924224382436	64
346.1779	0.31499924224382436	64
474.28203	0.31499924224382436	36
291.18332	0.31499924224382436	64
117.07895	0.31499924224382436	64
283.09126	0.31499924224382436	36
141.07896	0.31499924224382436	64
414.21527	0.31499924224382436	36
123.032	0.31499924224382436	36
264.11088	0.31499924224382436	36
329.25654	0.31499924224382436	64
156.05342	0.31499924224382436	64
216.11094	0.31499924224382436	64
260.18858	0.31499924224382436	64
230.15159	0.31499924224382436	64
446.30308	0.31499924224382436	36
378.31301	0.31499924224382436	36
284.10475	0.31499924224382436	64
664.43667	0.31499924224382436	36
228.13604	0.31499924224382436	36
264.0308	0.31499924224382436	64
153.05371	0.31499924224382436	64
296.23499	0.31499924224382436	36
359.16928	0.31499924224382436	64
302.19139	0.31499924224382436	64
330.2557	0.31499924224382436	64
146.08422	0.31499924224382436	64
104.01083	0.31499924224382436	64
322.25059	0.31499924224382436	64
213.00949	0.31499924224382436	64
168.0422	0.31499924224382436	64
222.056	0.31499924224382436	64
320.09285	0.31499924224382436	64
342.2408	0.31499924224382436	64
548.30263	0.31499924224382436	36
399.33459	0.31499924224382436	36
463.10892	0.31499924224382436	64
430.27172	0.31499924224382436	36
148.03705	0.31499924224382436	64
272.14105	0.31499924224382436	64
154.02658	0.31499924224382436	36
184.11054	0.31499924224382436	36
193.04086	0.31499924224382436	64
461.33603	0.31499924224382436	64
390.13856	0.31499924224382436	64
85.05271	0.35268137435320107	63
213.10003	0.35268137435320107	63
546.37636	0.35268137435320107	63
289.18876	0.35268137435320107	63
150.10439	0.35268137435320107	63
394.23329	0.35268137435320107	37
143.0582	0.35268137435320107	63
423.18594	0.35268137435320107	63
163.10004	0.35268137435320107	63
388.26131	0.35268137435320107	63
165.07892	0.35268137435320107	63
393.13939	0.35268137435320107	63
376.29741	0.35268137435320107	63
434.0951	0.35268137435320107	37
180.01021	0.35268137435320107	63
385.24625	0.35268137435320107	63
176.03204	0.35268137435320107	37
365.17937	0.35268137435320107	37
402.22499	0.35268137435320107	63
146.06908	0.35268137435320107	63
122.07308	0.35268137435320107	63
165.06502	0.35268137435320107	37
383.27728	0.35268137435320107	37
224.2139	0.35268137435320107	63
177.04589000000001	0.35268137435320107	63
276.13193	0.35268137435320107	63
458.33935	0.35268137435320107	63
146.05787	0.35268137435320107	63
521.3343	0.35268137435320107	63
266.16276	0.35268137435320107	37
210.09245	0.35268137435320107	37
97.0527	0.35268137435320107	37
226.09915	0.35268137435320107	63
334.13764	0.35268137435320107	63
336.3027	0.35268137435320107	63
470.34011	0.35268137435320107	37
168.08982	0.35268137435320107	63
154.0378	0.35268137435320107	37
96.0211	0.35268137435320107	63
405.17479	0.35268137435320107	63
258.18287	0.35268137435320107	63
324.26631	0.35268137435320107	37
210.08912	0.35268137435320107	63
182.16699	0.35268137435320107	37
202.02998	0.35268137435320107	63
308.07956	0.35268137435320107	63
223.10545	0.35268137435320107	37
243.14691	0.35268137435320107	37
421.31901	0.35268137435320107	63
350.2093	0.35268137435320107	63
310.21424	0.35268137435320107	37
170.02143	0.35268137435320107	37
145.03744	0.35268137435320107	63
253.09483	0.35268137435320107	37
312.0996	0.35268137435320107	37
314.11519	0.35268137435320107	37
410.3547	0.35268137435320107	63
164.08372	0.35268137435320107	37
222.16188	0.35268137435320107	37
232.14196	0.35268137435320107	63
260.10461	0.35268137435320107	63
564.29483	0.35268137435320107	37
274.0951	0.35268137435320107	63
287.04042	0.39304812834224606	62
402.31335	0.39304812834224606	38
400.33413	0.39304812834224606	62
376.26258	0.39304812834224606	38
333.14781	0.39304812834224606	62
233.16248	0.39304812834224606	62
132.08983	0.39304812834224606	62
315.1469	0.39304812834224606	62
229.00721	0.39304812834224606	38
396.22578	0.39304812834224606	62
448.24522	0.39304812834224606	62
393.24162	0.39304812834224606	62
148.06365	0.39304812834224606	62
514.11452	0.39304812834224606	38
568.37849	0.39304812834224606	38
318.08873	0.39304812834224606	62
179.05816	0.39304812834224606	62
191.0582	0.39304812834224606	38
188.10477	0.39304812834224606	62
340.10052	0.39304812834224606	62
360.11678	0.39304812834224606	38
312.3027	0.39304812834224606	62
237.0306	0.39304812834224606	62
241.00443	0.39304812834224606	62
246.085	0.39304812834224606	62
254.09409	0.39304812834224606	62
176.07962	0.39304812834224606	62
180.06329	0.39304812834224606	62
175.08442	0.39304812834224606	62
147.06838	0.39304812834224606	38
392.16263	0.39304812834224606	62
356.22008	0.39304812834224606	38
153.09017	0.39304812834224606	62
218.02469	0.39304812834224606	62
328.22484	0.39304812834224606	38
286.1678	0.39304812834224606	62
153.0096	0.39304812834224606	62
189.0637	0.39304812834224606	62
302.13646	0.39304812834224606	62
220.06936	0.39304812834224606	38
196.0405	0.39304812834224606	62
306.18281	0.39304812834224606	38
328.09458	0.39304812834224606	62
299.07915	0.39304812834224606	38
534.31959	0.39304812834224606	38
466.31134	0.39304812834224606	38
240.06325	0.39304812834224606	38
469.17916	0.39304812834224606	38
268.10963	0.39304812834224606	62
103.06327	0.39304812834224606	62
338.22638	0.39304812834224606	62
254.13048	0.39304812834224606	62
385.07139	0.39304812834224606	38
145.05272	0.39304812834224606	62
356.1833	0.39304812834224606	62
468.35983	0.39304812834224606	62
202.06293	0.39304812834224606	38
166.04899	0.39304812834224606	38
311.14809	0.43587217735824557	61
360.15712	0.43587217735824557	61
326.14769	0.43587217735824557	39
493.30382	0.43587217735824557	61
211.04797	0.43587217735824557	39
277.16746	0.43587217735824557	61
240.05671	0.43587217735824557	61
159.10077	0.43587217735824557	61
308.13894	0.43587217735824557	61
358.0151	0.43587217735824557	61
315.20449	0.43587217735824557	61
125.01462	0.43587217735824557	61
478.293	0.43587217735824557	61
341.12614	0.43587217735824557	39
450.20759	0.43587217735824557	61
252.08458	0.43587217735824557	61
332.12581	0.43587217735824557	61
127.06332	0.43587217735824557	61
336.26771	0.43587217735824557	39
244.03589	0.43587217735824557	61
496.33943	0.43587217735824557	39
245.16255	0.43587217735824557	61
607.3094	0.43587217735824557	39
912.54994	0.43587217735824557	61
395.18515	0.43587217735824557	39
392.21942	0.43587217735824557	39
372.25136	0.43587217735824557	39
318.25751	0.43587217735824557	39
284.15325	0.43587217735824557	39
310.28696	0.43587217735824557	61
366.34969	0.43587217735824557	61
281.12607	0.43587217735824557	39
215.07929	0.43587217735824557	61
362.31839	0.43587217735824557	61
376.15204	0.43587217735824557	39
278.22413	0.43587217735824557	61
160.03713	0.43587217735824557	61
344.12589	0.43587217735824557	39
92.06256	0.43587217735824557	61
188.14116	0.43587217735824557	61
132.07859	0.43587217735824557	61
460.25936	0.43587217735824557	39
300.17154	0.43587217735824557	39
306.14262	0.43587217735824557	61
488.34969	0.43587217735824557	39
512.27966	0.43587217735824557	39
210.19827	0.43587217735824557	39
268.23994	0.43587217735824557	61
153.04257	0.43587217735824557	61
320.14701	0.43587217735824557	61
177.1	0.43587217735824557	39
100.01601	0.43587217735824557	61
456.25411	0.43587217735824557	39
297.26662	0.43587217735824557	61
122.07312	0.43587217735824557	61
346.14153	0.43587217735824557	39
548.40966	0.43587217735824557	39
260.11582	0.43587217735824557	39
152.12006	0.43587217735824557	61
482.23353	0.43587217735824557	39
172.10006	0.43587217735824557	61
183.08951	0.43587217735824557	39
183.02045	0.43587217735824557	61
268.10585	0.43587217735824557	61
578.37873	0.43587217735824557	61
518.3231	0.43587217735824557	39
160.06355	0.43587217735824557	39
275.12678	0.43587217735824557	61
298.1568	0.43587217735824557	61
179.0945	0.43587217735824557	39
444.32411	0.43587217735824557	61
513.27535	0.43587217735824557	39
442.2722	0.43587217735824557	39
516.30812	0.43587217735824557	61
319.14531	0.43587217735824557	61
388.11572	0.43587217735824557	39
164.05856	0.43587217735824557	61
780.43269	0.43587217735824557	39
369.1273	0.43587217735824557	61
367.2721	0.48125094719521977	60
572.40792	0.48125094719521977	60
360.12082	0.48125094719521977	40
180.05345	0.48125094719521977	60
446.26649	0.48125094719521977	60
472.24899	0.48125094719521977	40
484.28228	0.48125094719521977	40
630.32063	0.48125094719521977	40
430.34474	0.48125094719521977	60
303.16801	0.48125094719521977	60
504.16884	0.48125094719521977	60
828.48866	0.48125094719521977	60
450.33432	0.48125094719521977	60
343.30839	0.48125094719521977	60
272.1048	0.48125094719521977	60
780.46964	0.48125094719521977	40
414.22504	0.48125094719521977	40
145.07381	0.48125094719521977	60
351.16789	0.48125094719521977	40
341.25816	0.48125094719521977	60
126.01396	0.48125094719521977	60
478.22029	0.48125094719521977	40
299.28225	0.48125094719521977	60
114.03164	0.48125094719521977	60
191.06147	0.48125094719521977	40
175.09562	0.48125094719521977	60
383.12512	0.48125094719521977	60
290.18777	0.48125094719521977	60
342.11031	0.48125094719521977	40
270.21927	0.48125094719521977	40
158.08429	0.48125094719521977	40
222.10032	0.48125094719521977	40
204.0898	0.48125094719521977	40
318.18297	0.48125094719521977	60
202.12041	0.48125094719521977	60
326.10019	0.48125094719521977	60
214.15682	0.48125094719521977	60
218.11523	0.48125094719521977	40
120.05739	0.48125094719521977	60
166.06285	0.48125094719521977	60
429.32403	0.48125094719521977	60
288.09953	0.48125094719521977	60
266.22435	0.48125094719521977	40
400.10685	0.48125094719521977	60
316.1345	0.48125094719521977	40
348.30275	0.48125094719521977	60
390.1313	0.48125094719521977	40
142.03776	0.48125094719521977	40
300.13598	0.48125094719521977	60
167.02178	0.48125094719521977	60
126.03161	0.48125094719521977	40
312.19353	0.48125094719521977	60
447.33439	0.48125094719521977	40
572.29341	0.48125094719521977	60
197.03566	0.48125094719521977	60
163.04804	0.48125094719521977	40
257.19891	0.48125094719521977	60
82.05309	0.48125094719521977	60
126.10441	0.48125094719521977	60
280.13087	0.48125094719521977	60
203.15208	0.48125094719521977	40
346.21427	0.48125094719521977	40
276.07796	0.48125094719521977	60
348.26628	0.48125094719521977	40
264.10287	0.48125094719521977	40
206.06904	0.48125094719521977	40
652.27487	0.48125094719521977	40
117.02477	0.48125094719521977	60
209.10509	0.48125094719521977	60
362.24577	0.48125094719521977	60
364.26118	0.48125094719521977	60
311.1442	0.48125094719521977	60
202.15682	0.48125094719521977	60
358.14488	0.48125094719521977	40
340.29741	0.48125094719521977	60
302.15155	0.48125094719521977	40
256.14215	0.48125094719521977	60
278.09345	0.48125094719521977	60
252.12333	0.48125094719521977	60
183.12582	0.48125094719521977	60
763.39883	0.5288488601182101	59
266.15239	0.5288488601182101	59
254.22429	0.5288488601182101	59
395.14281	0.5288488601182101	59
334.25065	0.5288488601182101	59
444.35986	0.5288488601182101	59
275.1732	0.5288488601182101	59
215.11569	0.5288488601182101	41
282.13766	0.5288488601182101	41
386.24749	0.5288488601182101	41
294.1692	0.5288488601182101	59
152.0334	0.5288488601182101	59
414.14586	0.5288488601182101	59
262.15656	0.5288488601182101	41
500.31337	0.5288488601182101	41
280.16738	0.5288488601182101	59
330.24047	0.5288488601182101	41
428.29237	0.5288488601182101	59
280.15339	0.5288488601182101	59
592.32594	0.5288488601182101	41
422.22999	0.5288488601182101	59
465.3087	0.5288488601182101	41
244.06943	0.5288488601182101	59
254.26062	0.5288488601182101	41
348.25124	0.5288488601182101	59
128.05852	0.5288488601182101	59
338.24556	0.5288488601182101	59
169.06064	0.5288488601182101	59
534.46424	0.5288488601182101	59
176.05446	0.5288488601182101	59
226.13163	0.5288488601182101	59
370.3082	0.5288488601182101	59
169.98847	0.5288488601182101	41
254.12648	0.5288488601182101	59
144.05343	0.5288488601182101	41
182.0579	0.5288488601182101	59
376.29744	0.5288488601182101	59
114.0429	0.5288488601182101	41
358.27175	0.5288488601182101	41
213.00948	0.5288488601182101	41
228.11087	0.5288488601182101	59
110.03677	0.5288488601182101	59
596.50182	0.5288488601182101	59
224.06831	0.5288488601182101	59
230.10536	0.5288488601182101	59
199.09561	0.5288488601182101	59
229.1676	0.5288488601182101	59
426.1744	0.5288488601182101	59
139.02695	0.5288488601182101	59
217.05842	0.5288488601182101	41
249.1212	0.5288488601182101	59
93.05782	0.5288488601182101	59
402.26171	0.5288488601182101	59
296.27124	0.5288488601182101	59
288.0956	0.5288488601182101	59
153.07899	0.5288488601182101	59
208.12106	0.5288488601182101	59
225.09998	0.5288488601182101	41
95.98808	0.5288488601182101	59
254.09021	0.5288488601182101	59
468.27269	0.5288488601182101	59
156.11506	0.5288488601182101	59
276.13755	0.5288488601182101	41
190.04769	0.5288488601182101	59
267.059	0.5288488601182101	59
180.15132	0.5288488601182101	59
388.20012	0.5288488601182101	59
263.18814	0.5288488601182101	59
228.14722	0.5288488601182101	59
447.13541	0.5288488601182101	59
125.04766	0.5288488601182101	59
562.35078	0.5288488601182101	41
212.11576	0.5288488601182101	41
332.14697	0.5288488601182101	41
188.04315	0.5288488601182101	59
313.13124	0.5787416917447878	58
340.17868	0.5787416917447878	42
134.02284	0.5787416917447878	58
368.22017	0.5787416917447878	42
358.25252	0.5787416917447878	42
183.06436	0.5787416917447878	58
316.22505	0.5787416917447878	42
286.21414	0.5787416917447878	42
499.27888	0.5787416917447878	58
167.10587	0.5787416917447878	42
314.24545	0.5787416917447878	58
262.13139	0.5787416917447878	42
598.30983	0.5787416917447878	58
234.08913	0.5787416917447878	58
403.164	0.5787416917447878	58
311.12669	0.5787416917447878	58
534.26467	0.5787416917447878	42
456.21608	0.5787416917447878	58
503.29091	0.5787416917447878	58
624.49873	0.5787416917447878	58
163.06326	0.5787416917447878	58
96.06872	0.5787416917447878	42
383.32073	0.5787416917447878	42
268.16716	0.5787416917447878	42
190.08407	0.5787416917447878	58
394.27183	0.5787416917447878	42
184.00549	0.5787416917447878	42
90.04288	0.5787416917447878	58
164.0473	0.5787416917447878	58
207.08943	0.5787416917447878	58
224.17744	0.5787416917447878	42
420.32339	0.5787416917447878	42
324.19338	0.5787416917447878	58
202.14328	0.5787416917447878	58
292.12699	0.5787416917447878	58
318.2042	0.5787416917447878	58
164.04731	0.5787416917447878	58
224.14107	0.5787416917447878	58
204.11832	0.5787416917447878	58
194.0578	0.5787416917447878	58
341.19508	0.5787416917447878	58
348.19358	0.5787416917447878	58
356.25625	0.5787416917447878	42
148.07356	0.5787416917447878	58
258.12539	0.5787416917447878	58
154.06298	0.5787416917447878	42
127.03816	0.5787416917447878	42
838.56117	0.5787416917447878	42
410.19719	0.5787416917447878	42
650.40431	0.5787416917447878	42
246.12529	0.5787416917447878	58
210.16183	0.5787416917447878	58
458.24278	0.5787416917447878	42
258.15777	0.5787416917447878	42
154.09939	0.5787416917447878	42
630.44932	0.5787416917447878	42
347.0631	0.5787416917447878	42
185.10512	0.5787416917447878	58
344.25627	0.6305289138106477	57
238.19313	0.6305289138106477	43
302.20915	0.6305289138106477	57
74.03675	0.6305289138106477	57
251.11552	0.6305289138106477	43
288.22896	0.6305289138106477	43
388.29799	0.6305289138106477	57
288.20468	0.6305289138106477	57
266.07231	0.6305289138106477	57
334.14519	0.6305289138106477	43
220.14611	0.6305289138106477	57
331.12682	0.6305289138106477	57
141.05377	0.6305289138106477	57
465.18388	0.6305289138106477	43
434.2877	0.6305289138106477	57
142.09928	0.6305289138106477	43
454.22371	0.6305289138106477	43
131.05817	0.6305289138106477	57
272.06821	0.6305289138106477	43
212.06824	0.6305289138106477	57
392.15191	0.6305289138106477	57
152.08363	0.6305289138106477	57
212.10476	0.6305289138106477	57
130.02659	0.6305289138106477	43
330.25604	0.6305289138106477	57
118.02658	0.6305289138106477	43
180.0456	0.6305289138106477	43
167.02653	0.6305289138106477	43
444.28733	0.6305289138106477	57
398.3395	0.6305289138106477	57
166.02661	0.6305289138106477	57
148.05243	0.6305289138106477	57
230.18797	0.6305289138106477	43
240.09968	0.6305289138106477	43
256.09583	0.6305289138106477	57
188.0143	0.6305289138106477	57
486.29786	0.6305289138106477	43
151.97783	0.6305289138106477	57
263.06388	0.6305289138106477	57
288.17566	0.6305289138106477	57
558.3219	0.6305289138106477	57
151.06332	0.6305289138106477	57
181.04091	0.6305289138106477	57
223.08425	0.6305289138106477	43
159.12587	0.6305289138106477	57
154.13569	0.6305289138106477	43
604.30073	0.6305289138106477	57
250.09513	0.6305289138106477	57
188.04713	0.6305289138106477	43
258.21926	0.6305289138106477	57
230.0941	0.6305289138106477	57
340.24203	0.6305289138106477	57
224.10496	0.6305289138106477	57
166.09922	0.6305289138106477	43
133.05269	0.6305289138106477	57
358.10519	0.6305289138106477	43
318.16777	0.6305289138106477	43
226.08404	0.6305289138106477	57
422.23249	0.6305289138106477	43
187.04802	0.6305289138106477	57
354.22096	0.6305289138106477	43
400.09086	0.6305289138106477	57
262.1778	0.6305289138106477	57
367.14798	0.6305289138106477	57
396.23203	0.6305289138106477	43
451.20003	0.6305289138106477	43
492.27148999999997	0.6305289138106477	57
219.07413	0.6842105263157896	56
390.16374	0.6842105263157896	44
221.07199	0.6842105263157896	56
360.26485	0.6842105263157896	56
344.17191	0.6842105263157896	56
418.2715	0.6842105263157896	56
159.08951	0.6842105263157896	44
474.2959	0.6842105263157896	44
426.14755	0.6842105263157896	44
291.15041	0.6842105263157896	44
250.1931	0.6842105263157896	44
444.15948	0.6842105263157896	56
168.04222	0.6842105263157896	44
232.07669	0.6842105263157896	56
346.12007	0.6842105263157896	56
330.23124	0.6842105263157896	44
518.192	0.6842105263157896	44
408.07255	0.6842105263157896	44
347.17158	0.6842105263157896	56
466.25531	0.6842105263157896	44
582.28633	0.6842105263157896	44
84.02106	0.6842105263157896	56
129.04257	0.6842105263157896	56
192.027	0.6842105263157896	44
320.12183	0.6842105263157896	44
414.27634	0.6842105263157896	56
129.02531	0.6842105263157896	56
252.2448	0.6842105263157896	44
332.18339	0.6842105263157896	56
437.2903	0.6842105263157896	56
558.46265	0.6842105263157896	56
118.06298	0.6842105263157896	56
181.07387	0.6842105263157896	56
131.07344	0.6842105263157896	56
316.24043	0.6842105263157896	56
245.17374	0.6842105263157896	56
175.12078	0.6842105263157896	44
328.26018	0.6842105263157896	44
189.10004	0.6842105263157896	44
151.04936	0.6842105263157896	44
113.05889	0.6842105263157896	56
111.07955	0.6842105263157896	56
467.2903	0.6842105263157896	44
411.24429	0.6842105263157896	56
133.07386	0.6842105263157896	44
216.1724	0.6842105263157896	56
231.01994	0.6842105263157896	56
354.27691	0.6842105263157896	56
412.35517	0.6842105263157896	56
318.20412	0.6842105263157896	56
358.14156	0.6842105263157896	44
562.38582	0.6842105263157896	56
191.0793	0.6842105263157896	44
242.18794	0.6842105263157896	56
483.30131	0.6842105263157896	44
178.04772	0.6842105263157896	56
160.07352	0.6842105263157896	56
406.16615	0.6842105263157896	56
171.06429	0.6842105263157896	56
219.14691	0.6842105263157896	56
182.13065	0.6842105263157896	44
188.03199	0.6842105263157896	56
244.20352	0.6842105263157896	56
236.15228	0.6842105263157896	44
308.16218	0.6842105263157896	56
152.0473	0.6842105263157896	56
332.23503	0.6842105263157896	56
168.15134	0.6842105263157896	44
382.27224	0.6842105263157896	56
554.32656	0.6842105263157896	44
208.08475	0.6842105263157896	44
298.21403	0.6842105263157896	44
182.0942	0.6842105263157896	56
452.28874	0.6842105263157896	56
256.12098	0.6842105263157896	44
344.13875	0.6842105263157896	56
302.22427	0.6842105263157896	44
350.22297	0.6842105263157896	56
403.27886	0.6842105263157896	44
371.12315	0.6842105263157896	44
640.11763	0.6842105263157896	56
229.03516	0.6842105263157896	44
330.18482	0.6842105263157896	44
252.13604	0.6842105263157896	56
256.15741	0.6842105263157896	56
192.04554	0.6842105263157896	56
200.06834	0.6842105263157896	44
344.32887	0.6842105263157896	56
325.29791	0.6842105263157896	44
324.22962	0.6842105263157896	56
506.35982	0.6842105263157896	56
468.21821	0.6842105263157896	56
520.30472	0.7393643508194593	55
290.07881	0.7393643508194593	45
299.0854	0.7393643508194593	55
492.2542	0.7393643508194593	55
568.17372	0.7393643508194593	55
392.29224	0.7393643508194593	45
530.2906	0.7393643508194593	55
237.09991	0.7393643508194593	55
448.29902	0.7393643508194593	55
221.10505	0.7393643508194593	45
612.47321	0.7393643508194593	55
259.17812	0.7393643508194593	45
336.22997	0.7393643508194593	55
271.14636	0.7393643508194593	45
416.14705	0.7393643508194593	55
556.29237	0.7393643508194593	55
195.0822	0.7393643508194593	45
354.11055	0.7393643508194593	45
89.01152	0.7393643508194593	55
308.10104	0.7393643508194593	55
466.31138	0.7393643508194593	45
504.27177	0.7393643508194593	45
638.44059	0.7393643508194593	45
273.13407	0.7393643508194593	45
194.09419	0.7393643508194593	55
424.21007	0.7393643508194593	55
156.00596	0.7393643508194593	55
386.26665	0.7393643508194593	55
109.05273	0.7393643508194593	45
548.30094	0.7393643508194593	45
346.10511	0.7393643508194593	55
354.24057	0.7393643508194593	55
115.06324	0.7393643508194593	45
98.04796	0.7393643508194593	55
292.20362	0.7393643508194593	45
247.06894	0.7393643508194593	45
265.09474	0.7393643508194593	45
196.18258	0.7393643508194593	45
266.15149	0.7393643508194593	55
358.15619	0.7393643508194593	55
428.32908	0.7393643508194593	55
122.04798	0.7393643508194593	45
532.2698	0.7393643508194593	45
204.00923	0.7393643508194593	55
265.14974	0.7393643508194593	55
286.12027	0.7393643508194593	45
603.28946	0.7393643508194593	45
224.15233	0.7393643508194593	45
214.12041	0.7393643508194593	55
183.02964	0.7393643508194593	55
220.08467	0.7393643508194593	45
284.06822	0.7393643508194593	45
320.23509	0.7393643508194593	45
147.07138	0.7393643508194593	55
346.13763	0.7393643508194593	45
208.10986	0.7393643508194593	45
284.14096	0.7393643508194593	55
282.25535	0.7393643508194593	55
320.12571	0.7393643508194593	55
302.11526	0.7393643508194593	55
359.13294	0.7393643508194593	45
316.1997	0.7393643508194593	55
374.17625	0.7393643508194593	55
170.10542	0.7393643508194593	55
414.31441	0.7393643508194593	55
197.12757	0.7393643508194593	55
584.3197	0.7393643508194593	45
274.19307	0.7393643508194593	45
238.12366	0.7393643508194593	45
428.12542	0.7393643508194593	55
224.11594	0.7393643508194593	45
136.07357	0.7393643508194593	55
215.15207	0.7393643508194593	45
201.10004	0.7393643508194593	55
301.05607	0.7393643508194593	45
308.12578	0.7393643508194593	55
484.3044	0.7393643508194593	55
354.24046	0.7393643508194593	55
484.33885	0.7393643508194593	45
254.03593	0.7393643508194593	55
253.04066	0.7393643508194593	55
499.29614	0.7393643508194593	55
454.30657	0.7393643508194593	55
298.15284	0.7393643508194593	55
476.18983	0.7393643508194593	45
223.09857	0.7393643508194593	45
160.05237	0.7393643508194593	55
210.10035	0.7959362618805345	46
370.25038	0.7959362618805345	46
336.22998	0.7959362618805345	54
381.16446	0.7959362618805345	54
392.16734	0.7959362618805345	54
377.13429	0.7959362618805345	46
130.02659	0.7959362618805345	54
448.35335	0.7959362618805345	46
186.01639	0.7959362618805345	46
579.52269	0.7959362618805345	54
226.12037	0.7959362618805345	46
578.31069	0.7959362618805345	54
136.01947	0.7959362618805345	54
226.15684	0.7959362618805345	46
358.1379	0.7959362618805345	54
408.21474	0.7959362618805345	46
404.1472	0.7959362618805345	46
284.23491	0.7959362618805345	46
168.05345	0.7959362618805345	54
335.1729	0.7959362618805345	54
360.24873	0.7959362618805345	46
397.28279	0.7959362618805345	54
280.14234	0.7959362618805345	46
562.31252	0.7959362618805345	46
526.25967	0.7959362618805345	54
520.33888	0.7959362618805345	46
278.1515	0.7959362618805345	54
97.96731	0.7959362618805345	54
370.27197	0.7959362618805345	54
578.43121	0.7959362618805345	54
396.17832	0.7959362618805345	54
279.18318	0.7959362618805345	54
332.2561	0.7959362618805345	54
240.24513	0.7959362618805345	46
453.28521	0.7959362618805345	46
336.22741	0.7959362618805345	54
444.30832	0.7959362618805345	46
342.20425	0.7959362618805345	54
490.36531	0.7959362618805345	46
155.99142	0.7959362618805345	46
193.07385	0.7959362618805345	54
169.08506	0.7959362618805345	54
426.27655	0.7959362618805345	46
167.0252	0.7959362618805345	54
238.12037	0.7959362618805345	54
356.25607	0.7959362618805345	46
252.17232	0.7959362618805345	54
168.07857	0.7959362618805345	46
337.13773	0.7959362618805345	54
242.07891	0.7959362618805345	46
182.0579	0.7959362618805345	46
226.0952	0.7959362618805345	54
244.08458	0.7959362618805345	46
164.03216	0.7959362618805345	46
272.19839	0.7959362618805345	46
196.14617	0.7959362618805345	54
418.30764	0.7959362618805345	46
366.24051	0.7959362618805345	46
307.09085	0.7959362618805345	54
342.31332	0.7959362618805345	54
465.28531	0.7959362618805345	46
242.13059	0.7959362618805345	54
138.03166	0.7959362618805345	46
285.23008	0.7959362618805345	54
123.06839	0.7959362618805345	46
412.33409	0.7959362618805345	54
446.37576	0.7959362618805345	46
266.18798	0.7959362618805345	46
266.12641	0.7959362618805345	54
812.68702	0.7959362618805345	46
265.13113	0.7959362618805345	54
264.20862	0.7959362618805345	54
210.13667	0.7959362618805345	54
282.12145	0.7959362618805345	54
242.22436	0.7959362618805345	46
411.29695	0.7959362618805345	46
298.17872	0.7959362618805345	46
335.12166	0.7959362618805345	54
460.28234	0.7959362618805345	54
332.18335	0.7959362618805345	54
475.29224	0.7959362618805345	46
387.29829	0.7959362618805345	54
268.13081	0.7959362618805345	54
347.13661	0.7959362618805345	54
275.13647	0.7959362618805345	54
428.25502	0.7959362618805345	54
281.13749	0.8534283054406895	47
304.17856	0.8534283054406895	53
380.29203	0.8534283054406895	47
178.07417	0.8534283054406895	47
129.07897	0.8534283054406895	47
390.15335	0.8534283054406895	47
411.27745	0.8534283054406895	53
316.29779	0.8534283054406895	53
147.05312	0.8534283054406895	47
593.3921	0.8534283054406895	53
406.23582	0.8534283054406895	53
422.21382	0.8534283054406895	53
476.36098	0.8534283054406895	53
273.1937	0.8534283054406895	53
456.35972	0.8534283054406895	53
500.15419	0.8534283054406895	53
414.26133	0.8534283054406895	47
325.22521	0.8534283054406895	47
396.28783	0.8534283054406895	53
244.12128	0.8534283054406895	53
432.2506	0.8534283054406895	47
382.23559	0.8534283054406895	53
392.22084	0.8534283054406895	47
362.24909	0.8534283054406895	53
374.17621	0.8534283054406895	47
137.06018	0.8534283054406895	53
172.01361	0.8534283054406895	47
143.02178	0.8534283054406895	47
254.0577	0.8534283054406895	53
143.09455	0.8534283054406895	47
112.01599	0.8534283054406895	47
189.10003	0.8534283054406895	53
206.07887	0.8534283054406895	47
488.3666	0.8534283054406895	47
216.08978	0.8534283054406895	53
358.18927	0.8534283054406895	53
238.22919	0.8534283054406895	53
186.06396	0.8534283054406895	47
352.33408	0.8534283054406895	47
188.11603	0.8534283054406895	47
219.11045	0.8534283054406895	53
314.2453	0.8534283054406895	47
152.04731	0.8534283054406895	53
294.18283	0.8534283054406895	53
323.28223	0.8534283054406895	47
298.25038	0.8534283054406895	47
468.32554	0.8534283054406895	47
365.29289	0.8534283054406895	53
244.07325	0.8534283054406895	53
232.14946	0.8534283054406895	53
244.20355	0.8534283054406895	53
270.10018	0.8534283054406895	53
294.29196	0.8534283054406895	53
126.04288	0.8534283054406895	47
410.28223	0.8534283054406895	47
494.32362	0.8534283054406895	47
464.31212	0.8534283054406895	53
186.05269	0.8534283054406895	53
509.33454	0.8534283054406895	53
111.06837	0.8534283054406895	53
148.08873	0.8534283054406895	47
573.33312	0.8534283054406895	53
436.31854	0.8534283054406895	53
332.15833	0.8534283054406895	53
146.1055	0.8534283054406895	53
494.29862	0.8534283054406895	53
224.11593	0.8534283054406895	47
281.14574	0.8534283054406895	47
609.38722	0.8534283054406895	47
118.06299	0.8534283054406895	53
179.05819	0.9117971811470265	52
304.13063	0.9117971811470265	52
278.16271	0.9117971811470265	52
420.25083	0.9117971811470265	48
552.3285	0.9117971811470265	52
103.02692	0.9117971811470265	52
510.26443	0.9117971811470265	48
195.12585	0.9117971811470265	48
131.0582	0.9117971811470265	52
249.17266	0.9117971811470265	52
180.1149	0.9117971811470265	52
137.09524	0.9117971811470265	52
580.36124	0.9117971811470265	48
290.15314	0.9117971811470265	48
123.04277	0.9117971811470265	48
149.06877	0.9117971811470265	48
203.07925	0.9117971811470265	48
293.14735	0.9117971811470265	52
278.22474	0.9117971811470265	52
442.38027	0.9117971811470265	52
108.06869	0.9117971811470265	52
362.20909	0.9117971811470265	48
470.23157	0.9117971811470265	52
436.23024	0.9117971811470265	48
296.19868	0.9117971811470265	52
412.26063	0.9117971811470265	48
217.13123	0.9117971811470265	52
112.02722	0.9117971811470265	52
112.05239	0.9117971811470265	52
448.31859	0.9117971811470265	52
125.99867	0.9117971811470265	48
118.02657	0.9117971811470265	48
306.19422	0.9117971811470265	48
270.05247	0.9117971811470265	48
564.14834	0.9117971811470265	52
171.05295	0.9117971811470265	48
300.22987	0.9117971811470265	48
270.18282	0.9117971811470265	52
196.07346	0.9117971811470265	52
113.9445	0.9117971811470265	48
250.15663	0.9117971811470265	52
328.24009	0.9117971811470265	48
174.01635	0.9117971811470265	48
188.06836	0.9117971811470265	48
256.07335	0.9117971811470265	52
202.09514	0.9117971811470265	52
210.12548	0.9117971811470265	48
424.31937	0.9117971811470265	48
356.21967	0.9117971811470265	52
133.04857	0.9117971811470265	52
318.21936	0.9117971811470265	52
320.23486	0.9117971811470265	48
101.08405	0.9117971811470265	52
236.1774	0.9117971811470265	48
207.05641	0.9117971811470265	52
330.11024	0.9117971811470265	52
408.28711	0.9117971811470265	48
156.04219	0.9117971811470265	52
261.08462	0.9117971811470265	52
282.14648999999997	0.9117971811470265	52
153.09028	0.9117971811470265	52
380.1432	0.9117971811470265	52
133.05272	0.9117971811470265	48
195.05307	0.9117971811470265	52
609.56968	0.9117971811470265	52
264.24445	0.9117971811470265	48
430.30778	0.9117971811470265	52
162.07877	0.9117971811470265	48
540.31038	0.9117971811470265	52
161.10521	0.9117971811470265	52
139.97791	0.9117971811470265	52
216.13593	0.9117971811470265	52
198.05278	0.9117971811470265	52
169.03749	0.9117971811470265	52
261.15732	0.9117971811470265	52
252.09957	0.9117971811470265	48
341.29254	0.9117971811470265	52
358.23266	0.9117971811470265	52
416.25563	0.9117971811470265	48
185.06878	0.9117971811470265	52
410.26719	0.9117971811470265	52
294.19416	0.9117971811470265	48
517.32281	0.9117971811470265	48
178.02984	0.9117971811470265	52
150.07932	0.9705124596765462	51
448.26854	0.9705124596765462	51
368.23253	0.9705124596765462	51
267.14691	0.9705124596765462	51
385.12238	0.9705124596765462	51
252.14717	0.9705124596765462	51
1022.49057	0.9705124596765462	51
480.26523	0.9705124596765462	51
282.03834	0.9705124596765462	51
348.17969	0.9705124596765462	51
282.08529	0.9705124596765462	51
91.99308	0.9705124596765462	51
850.47438	0.9705124596765462	51
316.09464	0.9705124596765462	51
586.31672	0.9705124596765462	51
196.07346	0.9705124596765462	51
136.05236	0.9705124596765462	51
552.31089	0.9705124596765462	51
568.32545	0.9705124596765462	51
304.23985	0.9705124596765462	51
500.38577	0.9705124596765462	51
356.27136	0.9705124596765462	51
183.05313	0.9705124596765462	51
189.99354	0.9705124596765462	51
364.26109	0.9705124596765462	51
212.00846	0.9705124596765462	51
334.21434	0.9705124596765462	51
183.11193	0.9705124596765462	51
173.99862	0.9705124596765462	51
205.07375	0.9705124596765462	51
213.13637	0.9705124596765462	51
106.00874	0.9705124596765462	51
358.28886	0.9705124596765462	51
285.13625	0.9705124596765462	51
208.04042	0.9705124596765462	51
496.30302	0.9705124596765462	51
302.10166	0.9705124596765462	51
288.13591	0.9705124596765462	51
494.23106	0.9705124596765462	51
312.22989	0.9705124596765462	51
140.08365	0.9705124596765462	51
216.115	0.9705124596765462	51
240.06686	0.9705124596765464	49
436.25719	0.9705124596765464	49
470.28853	0.9705124596765464	49
329.18369	0.9705124596765464	49
167.06943	0.9705124596765464	49
261.12102	0.9705124596765464	49
552.27483	0.9705124596765464	49
384.12086	0.9705124596765464	49
622.44407	0.9705124596765464	49
339.10951	0.9705124596765464	49
248.03806	0.9705124596765464	49
147.08953	0.9705124596765464	49
242.09012	0.9705124596765464	49
128.00441	0.9705124596765464	49
590.38234	0.9705124596765464	49
268.2763	0.9705124596765464	49
117.04253	0.9705124596765464	49
400.26121	0.9705124596765464	49
179.0794	0.9705124596765464	49
400.31883	0.9705124596765464	49
234.173	0.9705124596765464	49
233.08972	0.9705124596765464	49
120.02447	0.9705124596765464	49
158.04395	0.9705124596765464	49
138.06801	0.9705124596765464	49
171.08951	0.9705124596765464	49
246.1002	0.9705124596765464	49
339.11645	0.9705124596765464	49
236.07947	0.9705124596765464	49
207.11041	0.9705124596765464	49
281.0897	0.9705124596765464	49
238.15664	0.9705124596765464	49
354.31335	0.9705124596765464	49
292.20339	0.9705124596765464	49
146.09423	0.9705124596765464	49
365.21004	0.9705124596765464	49
124.08879	0.9705124596765464	49
280.17845	0.9705124596765464	49
734.46211	0.9705124596765464	49
218.10539	0.9705124596765464	49
444.20097	0.9705124596765464	49
218.13388	1	50
152.05852	1	50
467.29902	1	50
164.03315	1	50
260.15209	1	50
143.07348	1	50
165.99356	1	50
160.04831	1	50
372.23132	1	50
326.24548	1	50
267.09659	1	50
189.00952	1	50
541.0605	1	50
229.10611	1	50
211.09561	1	50
522.31884	1	50
304.2036	1	50
298.17783	1	50
110.00347	1	50
380.18346	1	50
266.26067	1	50
94.04175	1	50
481.31658	1	50
324.03582	1	50
135.10478	1	50
216.07459	1	50
163.08443	1	50
162.01629	1	50
352.22492	1	50
142.02651	1	50
290.15493	1	50
412.29946	1	50
282.14648999999997	1	50
372.26613	1	50
368.2567	1	50
96.05751	1	50
134.04008	1	50
355.3087	1	50
196.10983	1	50
332.19879	1	50
173.04767	1	50
149.05107	1	50
427.02931	1	50
386.32023	1	50
568.34089	1	50
