m.z	p.value	t.score
87.03198	7.577561757128321e-5	97
135.05444	1.2990105869362836e-4	96
1282.67629	2.0567667626491154e-4	95
254.08982	2.0567667626491154e-4	95
144.07857	2.0567667626491154e-4	95
162.10033	3.2475264673407085e-4	94
286.13134	3.2475264673407085e-4	94
133.03737	3.2475264673407085e-4	94
251.10149	4.871289701011063e-4	93
442.38095	4.871289701011063e-4	93
350.20506	4.871289701011063e-4	93
346.14816	7.252809110394249e-4	92
384.20427	7.252809110394249e-4	8
121.08906	0.001050033557773496	91
209.15265	0.001050033557773496	91
169.07379	0.001050033557773496	91
383.17985	0.001050033557773496	91
102.06797	0.001050033557773496	91
260.13677	0.0015046872632011952	90
350.18349	0.0015046872632011952	90
105.04249	0.0015046872632011952	90
243.15784	0.0015046872632011952	90
111.04316	0.0015046872632011952	90
384.15925	0.0020892420273225226	89
319.10098	0.0020892420273225226	89
450.16973	0.0020892420273225226	89
365.29216	0.0020892420273225226	89
357.26215	0.0020892420273225226	89
303.15773	0.002879473467708762	88
178.07446	0.002879473467708762	88
164.06233	0.002879473467708762	12
187.12066	0.002879473467708762	88
486.31626	0.002879473467708762	88
977.33969	0.002879473467708762	88
230.16278	0.002879473467708762	88
277.13088	0.002879473467708762	88
155.05812	0.002879473467708762	88
259.18915	0.002879473467708762	88
225.1111	0.002879473467708762	88
200.15628	0.002879473467708762	12
88.05237	0.002879473467708762	88
188.12715	0.002879473467708762	88
248.11908	0.002879473467708762	88
279.07362	0.002879473467708762	88
194.08022	0.002879473467708762	88
365.15776	0.003886206672584382	87
305.13704	0.003886206672584382	87
368.16879	0.003886206672584382	87
266.1663	0.003886206672584382	13
158.14177	0.003886206672584382	13
192.07428	0.0051960423477451344	86
289.14198	0.0051960423477451344	86
464.2896	0.0051960423477451344	86
189.11522	0.0051960423477451344	86
638.23209	0.0051960423477451344	86
258.16128	0.0051960423477451344	14
362.26003	0.0051960423477451344	14
465.34505	0.0051960423477451344	14
382.30997	0.0051960423477451344	14
288.19302	0.006841455757864427	85
188.11594	0.006841455757864427	85
273.16841	0.006841455757864427	85
279.16587	0.006841455757864427	85
110.07303	0.006841455757864427	85
357.20536	0.006841455757864427	85
216.14721	0.006841455757864427	85
232.14203	0.006841455757864427	85
272.17685	0.006841455757864427	15
168.09361	0.006841455757864427	15
404.25554	0.006841455757864427	15
210.13665	0.00893069778518695	84
361.19909	0.00893069778518695	84
132.04215	0.00893069778518695	84
604.3947	0.00893069778518695	84
356.12753	0.00893069778518695	84
73.0163	0.00893069778518695	84
137.0476	0.00893069778518695	84
392.2014	0.00893069778518695	84
196.12495	0.00893069778518695	16
206.14178	0.00893069778518695	16
458.21143	0.011496243694386109	83
342.25501	0.011496243694386109	17
479.3001	0.011496243694386109	17
231.12171	0.011496243694386109	83
236.08278	0.011496243694386109	83
156.04218	0.011496243694386109	17
167.07334	0.011496243694386109	83
834.54131	0.011496243694386109	17
325.15197	0.011496243694386109	17
203.11569	0.011496243694386109	83
242.15116	0.011496243694386109	83
438.17838	0.011496243694386109	17
250.16773	0.011496243694386109	17
160.10989	0.011496243694386109	83
312.24447	0.011496243694386109	17
222.16172	0.011496243694386109	83
187.06321	0.011496243694386109	83
236.11579	0.011496243694386109	83
382.21462	0.011496243694386109	83
202.13166	0.011496243694386109	83
204.11074	0.011496243694386109	83
78.04681	0.011496243694386109	83
397.31825	0.011496243694386109	17
131.03705	0.014689644720604474	82
370.18307	0.014689644720604474	82
314.15528	0.014689644720604474	82
202.05864	0.014689644720604474	82
120.05741	0.014689644720604474	82
382.19631	0.014689644720604474	82
240.2084	0.014689644720604474	18
166.0859	0.014689644720604474	82
140.12001	0.014689644720604474	82
178.09923	0.014689644720604474	82
98.04789	0.014689644720604474	82
328.23694	0.01854337612851545	81
370.24975	0.01854337612851545	81
126.03158	0.01854337612851545	81
134.08432	0.01854337612851545	81
343.30794	0.01854337612851545	81
148.06341	0.01854337612851545	81
228.14722	0.01854337612851545	81
200.04308	0.01854337612851545	81
284.14053	0.01854337612851545	81
384.17949	0.01854337612851545	81
229.20377	0.01854337612851545	81
383.16833	0.01854337612851545	81
348.26489	0.01854337612851545	81
255.13976	0.01854337612851545	81
408.37483	0.01854337612851545	81
308.23378	0.01854337612851545	81
162.04253	0.01854337612851545	81
72.0211	0.01854337612851545	81
220.10683	0.01854337612851545	81
273.14729	0.01854337612851545	81
383.15801	0.01854337612851545	81
188.11601	0.01854337612851545	81
146.05775	0.01854337612851545	81
170.09415	0.01854337612851545	81
294.12099	0.01854337612851545	81
232.14598	0.01854337612851545	19
287.19525	0.01854337612851545	81
244.08778	0.01854337612851545	81
245.13717	0.01854337612851545	81
268.15313	0.01854337612851545	81
210.16157	0.01854337612851545	81
70.00541	0.01854337612851545	81
219.08523	0.023230639329710537	80
153.11502	0.023230639329710537	80
415.3298	0.023230639329710537	20
216.13757	0.023230639329710537	20
331.21	0.023230639329710537	80
451.26933	0.023230639329710537	20
492.21733	0.023230639329710537	80
334.28628	0.023230639329710537	80
350.15468	0.023230639329710537	20
478.25386	0.023230639329710537	20
350.18871	0.023230639329710537	80
209.07216	0.023230639329710537	80
450.29561	0.023230639329710537	80
474.1577	0.023230639329710537	80
255.15713	0.023230639329710537	80
259.15285	0.023230639329710537	80
398.31772	0.023230639329710537	80
205.07372	0.023230639329710537	80
180.09028	0.023230639329710537	80
204.13584	0.023230639329710537	80
321.26328	0.023230639329710537	80
189.06344000000001	0.023230639329710537	80
232.11678	0.023230639329710537	80
200.15233	0.023230639329710537	20
202.14285	0.028805559765312086	79
140.01061	0.028805559765312086	79
376.15883	0.028805559765312086	79
142.03776	0.028805559765312086	79
358.12935	0.028805559765312086	79
397.35433	0.028805559765312086	79
412.33322	0.028805559765312086	21
920.68586	0.028805559765312086	79
305.15805	0.028805559765312086	79
254.18738	0.028805559765312086	21
410.14717	0.028805559765312086	79
169.14649	0.028805559765312086	79
646.2565	0.028805559765312086	79
188.11595	0.028805559765312086	79
185.12363	0.028805559765312086	79
194.07907	0.028805559765312086	79
314.22375	0.028805559765312086	21
234.05399	0.028805559765312086	21
132.02432	0.028805559765312086	79
157.07382	0.028805559765312086	79
198.17304	0.028805559765312086	79
157.03732	0.028805559765312086	79
200.11983	0.028805559765312086	21
262.09483	0.028805559765312086	79
70.07817	0.028805559765312086	79
241.14229	0.028805559765312086	79
285.16838	0.035462989023360536	78
239.10219	0.035462989023360536	22
414.3491	0.035462989023360536	78
478.22236	0.035462989023360536	78
551.39299	0.035462989023360536	78
477.28483	0.035462989023360536	22
195.08923	0.035462989023360536	78
441.25694	0.035462989023360536	78
173.06838	0.035462989023360536	22
318.11749	0.035462989023360536	78
380.23392	0.035462989023360536	22
366.14728	0.035462989023360536	78
333.13149	0.035462989023360536	78
433.18333	0.035462989023360536	78
82.05311	0.035462989023360536	78
147.06829	0.035462989023360536	78
218.0577	0.035462989023360536	22
272.17702	0.035462989023360536	22
278.16246	0.035462989023360536	78
441.3445	0.035462989023360536	22
330.25259	0.035462989023360536	78
205.0374	0.035462989023360536	22
142.06293	0.035462989023360536	78
184.00528	0.035462989023360536	22
92.04723	0.035462989023360536	78
387.29772	0.035462989023360536	78
354.29143	0.035462989023360536	22
588.39974	0.04325705254497823	77
368.23439	0.04325705254497823	23
236.15217	0.04325705254497823	23
219.12563	0.04325705254497823	23
326.14684	0.04325705254497823	77
274.09506	0.04325705254497823	77
302.11074	0.04325705254497823	23
238.14264	0.04325705254497823	77
228.11554	0.04325705254497823	77
560.16533	0.04325705254497823	23
274.15627	0.04325705254497823	23
131.10574	0.04325705254497823	77
353.16861	0.04325705254497823	77
411.22369	0.04325705254497823	23
260.02919	0.04325705254497823	77
479.33534	0.04325705254497823	23
714.3999	0.04325705254497823	77
306.25524	0.04325705254497823	77
424.1696	0.04325705254497823	77
284.0678	0.04325705254497823	23
256.14582	0.04325705254497823	23
490.36351	0.04325705254497823	77
431.20503	0.04325705254497823	77
743.48935	0.04325705254497823	77
476.2753	0.04325705254497823	77
230.08991	0.04325705254497823	77
109.06394	0.04325705254497823	77
245.14904	0.04325705254497823	77
102.03159	0.04325705254497823	77
147.06832	0.04325705254497823	77
202.17194	0.04325705254497823	77
233.10074	0.04325705254497823	77
87.10476	0.04325705254497823	77
244.08431	0.04325705254497823	77
836.53911	0.0524259022711035	24
442.34405	0.0524259022711035	76
199.04798	0.0524259022711035	24
168.11486	0.0524259022711035	24
342.07327	0.0524259022711035	76
333.16171	0.0524259022711035	76
171.05297	0.0524259022711035	76
131.0734	0.0524259022711035	24
180.12615	0.0524259022711035	76
284.0684	0.0524259022711035	76
400.23221	0.0524259022711035	76
221.17769	0.0524259022711035	24
240.07807	0.0524259022711035	76
336.11794	0.0524259022711035	76
508.2488	0.0524259022711035	24
372.18477	0.0524259022711035	76
384.33821	0.0524259022711035	76
271.12021	0.0524259022711035	24
144.12615	0.0524259022711035	24
156.06464	0.0524259022711035	76
149.10502	0.0524259022711035	76
399.20696	0.0524259022711035	24
375.15389	0.0524259022711035	76
246.12065	0.0524259022711035	76
212.11597	0.0524259022711035	76
1093.54184	0.0524259022711035	76
400.33334	0.0524259022711035	76
310.1925	0.0524259022711035	24
286.08348	0.0524259022711035	24
197.07994	0.0524259022711035	76
234.10353	0.0524259022711035	76
195.1371	0.0524259022711035	76
202.09519	0.0524259022711035	76
188.14112	0.0524259022711035	76
258.05171	0.0524259022711035	76
278.09322	0.0524259022711035	76
230.16272	0.0524259022711035	76
396.2868	0.06301283855463422	75
206.09407	0.06301283855463422	25
142.09923	0.06301283855463422	25
159.1734	0.06301283855463422	75
181.03738	0.06301283855463422	25
305.15767	0.06301283855463422	75
398.21895	0.06301283855463422	75
318.16855	0.06301283855463422	75
298.11977	0.06301283855463422	75
294.25517	0.06301283855463422	75
203.16712	0.06301283855463422	25
349.1994	0.06301283855463422	75
296.15505	0.06301283855463422	25
85.05269	0.06301283855463422	25
456.35965	0.06301283855463422	25
198.1367	0.06301283855463422	25
153.04243	0.06301283855463422	75
309.16289	0.06301283855463422	75
426.31146	0.06301283855463422	75
214.1314	0.06301283855463422	75
361.20277	0.06301283855463422	75
405.22476	0.06301283855463422	75
300.26575	0.06301283855463422	25
454.25444	0.06301283855463422	75
434.24414	0.06301283855463422	75
438.20336	0.06301283855463422	75
564.36329	0.06301283855463422	75
204.07446	0.06301283855463422	75
150.05403	0.06301283855463422	25
154.0779	0.06301283855463422	25
300.06267	0.06301283855463422	25
398.13658	0.06301283855463422	75
268.16672	0.06301283855463422	25
412.20584	0.06301283855463422	75
198.14055	0.06301283855463422	75
151.02673	0.06301283855463422	25
115.09963	0.06301283855463422	75
169.0738	0.06301283855463422	75
218.16671	0.06301283855463422	25
385.33377	0.06301283855463422	75
135.06833	0.06301283855463422	75
286.21371	0.07525601333650869	74
364.23882	0.07525601333650869	74
250.1565	0.07525601333650869	26
243.14667	0.07525601333650869	74
476.22208	0.07525601333650869	74
220.08803	0.07525601333650869	74
376.16747	0.07525601333650869	74
297.26601	0.07525601333650869	74
274.12003	0.07525601333650869	74
122.03663	0.07525601333650869	74
344.13259	0.07525601333650869	74
203.11694	0.07525601333650869	74
260.06787	0.07525601333650869	26
247.12015	0.07525601333650869	26
350.24465	0.07525601333650869	74
360.26549	0.07525601333650869	26
506.19631	0.07525601333650869	74
264.18337	0.07525601333650869	74
228.09477	0.07525601333650869	26
837.53356	0.07525601333650869	26
480.30866	0.07525601333650869	74
127.09958	0.07525601333650869	26
123.01423	0.07525601333650869	74
340.20062	0.07525601333650869	26
320.12262	0.07525601333650869	74
451.27306	0.07525601333650869	74
344.14804	0.07525601333650869	74
284.21329	0.07525601333650869	74
147.03568	0.07525601333650869	74
146.03207	0.07525601333650869	74
220.15733	0.07525601333650869	26
152.05815	0.07525601333650869	74
217.14173	0.07525601333650869	26
291.11507	0.07525601333650869	26
178.04807	0.07525601333650869	74
190.09645	0.07525601333650869	74
1027.53159	0.07525601333650869	74
1568.84885	0.07525601333650869	74
210.15953	0.07525601333650869	26
261.09607	0.07525601333650869	74
156.11493	0.07525601333650869	74
452.1919	0.07525601333650869	26
280.10933	0.07525601333650869	74
227.04266	0.07525601333650869	26
174.14067	0.07525601333650869	74
293.12965	0.07525601333650869	74
234.10008	0.07525601333650869	26
382.32275	0.07525601333650869	74
208.14612	0.07525601333650869	74
164.1563	0.07525601333650869	26
186.10031	0.07525601333650869	74
483.23584	0.07525601333650869	26
237.09979	0.08920955205784928	27
260.10447	0.08920955205784928	73
338.2812	0.08920955205784928	73
339.17857	0.08920955205784928	73
190.1104	0.08920955205784928	73
186.11555	0.08920955205784928	73
109.02872	0.08920955205784928	73
278.07831	0.08920955205784928	27
189.07874	0.08920955205784928	73
264.14684	0.08920955205784928	27
386.1478	0.08920955205784928	73
507.33219	0.08920955205784928	73
408.28651	0.08920955205784928	27
242.06642	0.08920955205784928	73
356.13414	0.08920955205784928	73
212.11958	0.08920955205784928	27
199.16848	0.08920955205784928	73
263.11749	0.08920955205784928	73
295.13901	0.08920955205784928	73
347.1368	0.08920955205784928	73
195.05308	0.08920955205784928	73
379.19209	0.08920955205784928	73
428.15797	0.08920955205784928	73
262.09884	0.08920955205784928	73
574.31182	0.08920955205784928	73
384.13834	0.08920955205784928	73
385.14796	0.08920955205784928	73
592.32536	0.08920955205784928	27
287.28174	0.08920955205784928	27
422.21604	0.08920955205784928	73
924.71697	0.08920955205784928	73
108.02412	0.08920955205784928	73
304.12654	0.08920955205784928	73
480.29817	0.08920955205784928	27
282.10891	0.08920955205784928	73
277.20351	0.08920955205784928	73
320.27075	0.08920955205784928	73
306.12307	0.08920955205784928	27
170.07291	0.08920955205784928	27
501.28841	0.08920955205784928	73
354.31265	0.08920955205784928	73
202.12022	0.08920955205784928	73
421.28209	0.08920955205784928	27
366.21982	0.08920955205784928	73
109.06407	0.08920955205784928	73
166.03774	0.08920955205784928	73
190.05882	0.08920955205784928	73
186.10419	0.08920955205784928	27
189.04242	0.08920955205784928	73
204.11442	0.08920955205784928	27
230.16638	0.08920955205784928	27
184.14617	0.08920955205784928	27
308.12277	0.08920955205784928	73
160.08878	0.08920955205784928	27
129.0903	0.08920955205784928	73
135.032	0.10512243174781875	72
350.24297	0.10512243174781875	28
174.10036	0.10512243174781875	72
131.0945	0.10512243174781875	72
872.49468	0.10512243174781875	28
269.12883	0.10512243174781875	72
221.10503	0.10512243174781875	72
448.21187	0.10512243174781875	28
345.11659	0.10512243174781875	72
138.04284	0.10512243174781875	72
312.20805	0.10512243174781875	28
218.10852	0.10512243174781875	72
246.05245	0.10512243174781875	28
176.08364	0.10512243174781875	28
297.09712	0.10512243174781875	72
350.28095	0.10512243174781875	72
206.16688	0.10512243174781875	72
470.37507	0.10512243174781875	72
462.27503	0.10512243174781875	72
475.29965	0.10512243174781875	28
418.17346	0.10512243174781875	72
235.10752	0.10512243174781875	72
280.2035	0.10512243174781875	28
324.16808	0.10512243174781875	72
222.10009	0.10512243174781875	72
331.10539	0.10512243174781875	72
391.14052	0.10512243174781875	72
248.14084	0.10512243174781875	72
188.04282	0.10512243174781875	72
416.18375	0.10512243174781875	28
396.15965	0.10512243174781875	72
474.25942	0.10512243174781875	72
234.10164	0.10512243174781875	28
203.10587	0.10512243174781875	72
302.13685	0.10512243174781875	72
264.10397	0.10512243174781875	72
308.15927	0.10512243174781875	72
261.13192	0.10512243174781875	72
183.02131	0.10512243174781875	28
458.1953	0.10512243174781875	28
92.06252	0.10512243174781875	72
386.28115	0.10512243174781875	28
299.28173	0.10512243174781875	72
238.16778	0.10512243174781875	72
316.17074	0.10512243174781875	72
243.23074	0.10512243174781875	72
128.04724	0.10512243174781875	72
205.14643	0.10512243174781875	72
139.06325	0.10512243174781875	28
429.28642	0.1230054774946416	29
226.17165	0.1230054774946416	71
320.12664	0.1230054774946416	71
95.07385	0.1230054774946416	29
368.12265	0.1230054774946416	29
132.05737	0.1230054774946416	71
283.10507	0.1230054774946416	71
349.33368	0.1230054774946416	71
354.1309	0.1230054774946416	71
136.12499	0.1230054774946416	29
217.17908	0.1230054774946416	71
200.07953	0.1230054774946416	71
294.13658	0.1230054774946416	71
472.23186	0.1230054774946416	29
258.16121	0.1230054774946416	29
270.16135	0.1230054774946416	29
922.70091	0.1230054774946416	71
290.2239	0.1230054774946416	71
300.10811	0.1230054774946416	71
174.07144	0.1230054774946416	71
167.0582	0.1230054774946416	71
205.07707	0.1230054774946416	71
216.18733	0.1230054774946416	71
233.17766	0.1230054774946416	71
365.18359	0.1230054774946416	71
592.34111	0.1230054774946416	29
367.14737	0.1230054774946416	71
426.29479	0.1230054774946416	71
272.11558	0.1230054774946416	71
276.09519	0.1230054774946416	71
108.02108	0.1230054774946416	71
95.03707	0.1230054774946416	71
182.04392000000001	0.1230054774946416	29
151.06323	0.1230054774946416	29
406.30754	0.1230054774946416	29
162.05262	0.1230054774946416	71
119.05812	0.1230054774946416	71
109.05269	0.1230054774946416	71
318.15718	0.1230054774946416	71
244.06909	0.1230054774946416	29
128.08353	0.1230054774946416	29
390.27599	0.1230054774946416	29
158.13057	0.1230054774946416	71
218.09412	0.143140141592154	30
222.14047	0.143140141592154	30
383.31814	0.143140141592154	70
170.06899	0.143140141592154	70
268.1183	0.143140141592154	70
426.349	0.143140141592154	70
278.16266	0.143140141592154	70
360.19475	0.143140141592154	70
389.2066	0.143140141592154	70
196.14604	0.143140141592154	70
176.15625	0.143140141592154	70
352.27613	0.143140141592154	30
414.22836	0.143140141592154	70
204.07961	0.143140141592154	70
153.0577	0.143140141592154	70
327.2206	0.143140141592154	70
147.0717	0.143140141592154	70
279.18276	0.143140141592154	70
353.18108	0.143140141592154	70
362.14292	0.143140141592154	70
269.19871	0.143140141592154	70
389.15035	0.143140141592154	70
442.27001	0.143140141592154	30
510.2276	0.143140141592154	70
413.17922	0.143140141592154	70
1356.68084	0.143140141592154	70
103.02692	0.143140141592154	70
132.07858	0.143140141592154	70
374.0997	0.143140141592154	30
267.1465	0.143140141592154	70
152.1199	0.143140141592154	30
338.31743	0.143140141592154	70
799.36399	0.143140141592154	70
227.11739	0.143140141592154	30
134.04791	0.143140141592154	70
464.25133	0.143140141592154	30
290.18816	0.143140141592154	70
145.0526	0.143140141592154	70
100.05228	0.143140141592154	30
196.08454	0.143140141592154	70
388.29701	0.143140141592154	70
306.25533	0.143140141592154	70
254.11496	0.143140141592154	70
242.0938	0.143140141592154	70
127.09955	0.143140141592154	30
106.07811	0.143140141592154	30
234.10007	0.143140141592154	70
408.15398	0.143140141592154	70
157.11018	0.143140141592154	70
220.18236	0.143140141592154	30
85.08908	0.143140141592154	30
403.16939	0.16549394877568255	69
324.22901	0.16549394877568255	69
203.09429	0.16549394877568255	31
202.08507	0.16549394877568255	69
150.07924	0.16549394877568255	69
428.32835	0.16549394877568255	69
282.18261	0.16549394877568255	31
132.06867	0.16549394877568255	69
242.16658	0.16549394877568255	69
486.15482	0.16549394877568255	31
135.1047	0.16549394877568255	69
262.13175	0.16549394877568255	69
232.07339	0.16549394877568255	31
235.06886	0.16549394877568255	69
396.33852	0.16549394877568255	69
90.03151	0.16549394877568255	69
630.34068	0.16549394877568255	31
366.2058	0.16549394877568255	69
280.09166	0.16549394877568255	69
478.2009	0.16549394877568255	69
460.39115	0.16549394877568255	69
586.2788	0.16549394877568255	31
103.09962	0.16549394877568255	31
191.0582	0.16549394877568255	31
356.30711	0.16549394877568255	69
212.17858	0.16549394877568255	69
196.14453	0.16549394877568255	69
75.032	0.16549394877568255	69
192.12548	0.16549394877568255	31
294.15874	0.16549394877568255	69
578.35857	0.16549394877568255	69
272.21332	0.16549394877568255	31
96.06865	0.16549394877568255	69
117.07886	0.16549394877568255	31
282.10736000000003	0.16549394877568255	69
292.073	0.16549394877568255	69
410.2788	0.16549394877568255	69
188.01475	0.16549394877568255	69
151.06318	0.16549394877568255	69
473.32417	0.16549394877568255	69
191.06151	0.16549394877568255	69
187.04792	0.16549394877568255	69
183.05638	0.16549394877568255	69
195.08946	0.16549394877568255	31
288.09921	0.16549394877568255	31
288.14685	0.16549394877568255	69
201.07497	0.16549394877568255	69
206.06937	0.16549394877568255	31
296.09807	0.16549394877568255	31
167.09448	0.16549394877568255	69
433.18117	0.16549394877568255	69
336.22928	0.16549394877568255	69
454.19998	0.16549394877568255	31
99.0683	0.16549394877568255	31
334.24999	0.16549394877568255	31
193.13269	0.16549394877568255	69
198.1618	0.16549394877568255	31
288.11048	0.16549394877568255	69
180.15107	0.16549394877568255	69
154.03773	0.16549394877568255	69
964.49896	0.16549394877568255	31
163.06311	0.16549394877568255	69
258.12112	0.16549394877568255	69
138.07917	0.16549394877568255	69
158.07296	0.16549394877568255	69
152.09487	0.16549394877568255	69
333.30234	0.16549394877568255	69
212.15622	0.16549394877568255	69
141.04242	0.19031587607439004	68
277.0806	0.19031587607439004	68
369.15279	0.19031587607439004	68
438.34926	0.19031587607439004	68
434.15659	0.19031587607439004	68
179.08058	0.19031587607439004	32
100.05232	0.19031587607439004	32
227.15178	0.19031587607439004	32
174.06394	0.19031587607439004	68
368.17299	0.19031587607439004	32
351.17871	0.19031587607439004	68
370.14784	0.19031587607439004	68
416.3647	0.19031587607439004	68
297.08895	0.19031587607439004	68
410.18984	0.19031587607439004	68
268.21937	0.19031587607439004	68
330.16863	0.19031587607439004	32
241.16741	0.19031587607439004	68
393.18564	0.19031587607439004	68
244.18246	0.19031587607439004	68
194.16752	0.19031587607439004	68
402.34905	0.19031587607439004	68
527.31488	0.19031587607439004	68
208.07081	0.19031587607439004	68
416.24178	0.19031587607439004	32
131.0734	0.19031587607439004	32
314.24487	0.19031587607439004	68
315.23055	0.19031587607439004	68
431.19216	0.19031587607439004	68
335.1586	0.19031587607439004	68
956.52886	0.19031587607439004	68
339.13249	0.19031587607439004	32
460.24424	0.19031587607439004	68
230.13028	0.19031587607439004	32
159.08941	0.19031587607439004	32
508.46739	0.19031587607439004	68
173.14141	0.19031587607439004	68
380.29173	0.19031587607439004	68
455.33925	0.19031587607439004	68
278.13729	0.19031587607439004	68
377.15771	0.19031587607439004	68
252.17212	0.19031587607439004	68
180.05609	0.19031587607439004	32
313.29731	0.19031587607439004	68
188.05846	0.19031587607439004	68
226.19299	0.19031587607439004	32
236.17714	0.19031587607439004	68
88.03459	0.19031587607439004	68
260.10032	0.19031587607439004	68
371.14756	0.19031587607439004	68
317.23225	0.19031587607439004	32
299.28169	0.19031587607439004	68
86.03673	0.19031587607439004	68
308.12273	0.19031587607439004	68
143.04044	0.19031587607439004	68
472.21133	0.19031587607439004	68
268.2396	0.19031587607439004	68
188.15233	0.19031587607439004	68
304.2395	0.19031587607439004	32
166.04903	0.19031587607439004	32
375.24017	0.19031587607439004	32
360.30209	0.19031587607439004	68
414.2033	0.19031587607439004	68
186.13671	0.19031587607439004	68
171.06407	0.19031587607439004	68
358.28637	0.19031587607439004	32
261.14314	0.19031587607439004	68
252.05972	0.19031587607439004	68
196.18245	0.19031587607439004	32
334.10449	0.21756262313537858	33
126.05416	0.21756262313537858	67
325.20683	0.21756262313537858	33
194.13056	0.21756262313537858	67
273.18004	0.21756262313537858	67
146.04006	0.21756262313537858	33
392.27081	0.21756262313537858	67
452.16119	0.21756262313537858	67
138.10436	0.21756262313537858	67
258.04997	0.21756262313537858	67
240.17212	0.21756262313537858	67
300.24465	0.21756262313537858	33
386.14709	0.21756262313537858	33
178.13539	0.21756262313537858	33
294.21887	0.21756262313537858	67
198.11141	0.21756262313537858	67
592.37368	0.21756262313537858	67
257.16238	0.21756262313537858	67
222.06766	0.21756262313537858	67
340.1626	0.21756262313537858	67
282.25524	0.21756262313537858	33
341.29231	0.21756262313537858	67
339.18611	0.21756262313537858	33
375.13086	0.21756262313537858	33
392.25482	0.21756262313537858	33
330.23995	0.21756262313537858	67
436.25994	0.21756262313537858	67
372.25002	0.21756262313537858	33
386.31753	0.21756262313537858	67
116.08362	0.21756262313537858	67
259.13215	0.21756262313537858	33
529.31481	0.21756262313537858	33
428.1942	0.21756262313537858	33
511.2711	0.21756262313537858	33
298.11994	0.21756262313537858	67
468.34472	0.21756262313537858	33
376.26076	0.21756262313537858	33
299.17272	0.21756262313537858	67
269.14453	0.21756262313537858	67
326.28152	0.21756262313537858	67
326.11064	0.21756262313537858	67
383.02101	0.21756262313537858	33
253.10992	0.21756262313537858	67
292.09121	0.21756262313537858	33
1081.46604	0.21756262313537858	67
843.44425	0.21756262313537858	67
358.17729	0.21756262313537858	33
218.09003	0.21756262313537858	67
266.13007	0.21756262313537858	33
197.17778	0.21756262313537858	67
83.07346	0.21756262313537858	67
149.05086	0.21756262313537858	67
444.35957	0.21756262313537858	67
155.06938	0.21756262313537858	67
232.18221	0.21756262313537858	67
210.10031	0.21756262313537858	67
288.22918	0.21756262313537858	33
93.05782	0.21756262313537858	33
452.25065	0.21756262313537858	33
165.04583	0.21756262313537858	67
310.21391	0.21756262313537858	33
250.01499	0.21756262313537858	67
194.0578	0.21756262313537858	67
437.23088	0.21756262313537858	33
295.17779	0.21756262313537858	67
176.04723	0.21756262313537858	67
172.12505	0.21756262313537858	67
317.29219	0.21756262313537858	67
285.09956	0.21756262313537858	67
214.11037	0.21756262313537858	67
84.02107	0.21756262313537858	67
223.08417	0.21756262313537858	33
224.07949	0.21756262313537858	33
638.47276	0.21756262313537858	33
197.06872	0.21756262313537858	33
368.23204	0.24745069172313758	34
181.07378	0.24745069172313758	66
329.256	0.24745069172313758	34
369.12637	0.24745069172313758	66
185.10507	0.24745069172313758	66
160.0483	0.24745069172313758	66
94.04181	0.24745069172313758	66
280.13076	0.24745069172313758	66
339.27653	0.24745069172313758	66
206.02126	0.24745069172313758	34
230.15135	0.24745069172313758	34
316.23946	0.24745069172313758	66
383.20506	0.24745069172313758	34
192.15129	0.24745069172313758	66
386.09927	0.24745069172313758	34
242.09358	0.24745069172313758	34
227.09434	0.24745069172313758	34
329.11045	0.24745069172313758	66
388.1151	0.24745069172313758	34
356.27065	0.24745069172313758	66
447.26738	0.24745069172313758	66
412.29703	0.24745069172313758	66
202.21574	0.24745069172313758	66
322.19574	0.24745069172313758	66
272.21358	0.24745069172313758	66
242.05757	0.24745069172313758	66
208.13146	0.24745069172313758	66
246.1616	0.24745069172313758	66
276.12175	0.24745069172313758	34
354.27596	0.24745069172313758	34
570.39062	0.24745069172313758	66
258.15748	0.24745069172313758	34
297.18343	0.24745069172313758	34
332.1219	0.24745069172313758	66
166.1105	0.24745069172313758	66
356.15008	0.24745069172313758	66
257.0717	0.24745069172313758	34
348.26284	0.24745069172313758	66
648.40435	0.24745069172313758	66
275.17284	0.24745069172313758	66
407.24846	0.24745069172313758	34
258.19773	0.24745069172313758	66
395.1424	0.24745069172313758	66
202.02387	0.24745069172313758	66
418.05267	0.24745069172313758	66
205.13127	0.24745069172313758	34
334.14087	0.24745069172313758	66
281.06849	0.24745069172313758	66
333.14174	0.24745069172313758	66
488.18211	0.24745069172313758	66
355.11293	0.24745069172313758	34
341.15767	0.24745069172313758	34
393.28713	0.24745069172313758	34
532.28234	0.24745069172313758	34
446.30192	0.24745069172313758	66
464.31417	0.24745069172313758	34
304.09153	0.24745069172313758	66
385.15163	0.24745069172313758	34
322.1862	0.24745069172313758	66
513.27559	0.24745069172313758	34
218.1265	0.24745069172313758	66
284.19833	0.24745069172313758	66
588.33025	0.24745069172313758	34
304.16502	0.24745069172313758	66
446.37474	0.24745069172313758	66
438.24086	0.24745069172313758	34
168.04213	0.24745069172313758	34
332.16132	0.24745069172313758	34
216.1295	0.24745069172313758	66
373.15563	0.24745069172313758	66
89.04762	0.24745069172313758	66
130.06273	0.24745069172313758	66
254.22378	0.24745069172313758	34
456.35977	0.24745069172313758	66
148.01925	0.24745069172313758	66
565.5427	0.24745069172313758	66
127.038	0.24745069172313758	66
222.16174	0.24745069172313758	34
358.1383	0.24745069172313758	34
168.02826	0.24745069172313758	34
280.14177	0.24745069172313758	66
329.29225	0.24745069172313758	34
278.12616	0.24745069172313758	66
149.07008	0.24745069172313758	66
226.08386	0.24745069172313758	34
332.19789	0.24745069172313758	34
323.28167	0.24745069172313758	66
442.2325	0.24745069172313758	66
414.12574	0.24745069172313758	66
547.3637	0.24745069172313758	66
218.06544	0.24745069172313758	66
226.12033	0.24745069172313758	34
369.32352	0.24745069172313758	66
204.18749	0.24745069172313758	34
278.26024	0.24745069172313758	66
212.10475	0.24745069172313758	66
233.10477	0.24745069172313758	66
134.07294	0.24745069172313758	34
294.16864	0.24745069172313758	66
185.14148	0.24745069172313758	34
272.24976	0.27986100586719787	65
376.13675	0.27986100586719787	35
290.26031	0.27986100586719787	35
493.31502	0.27986100586719787	65
190.06281	0.27986100586719787	35
328.29696	0.27986100586719787	65
230.15144	0.27986100586719787	65
412.3696	0.27986100586719787	65
176.10481	0.27986100586719787	65
278.11503	0.27986100586719787	35
340.09407	0.27986100586719787	35
324.15246	0.27986100586719787	35
232.2186	0.27986100586719787	35
424.28179	0.27986100586719787	65
160.05235	0.27986100586719787	35
363.18218	0.27986100586719787	65
145.05259	0.27986100586719787	35
598.20393	0.27986100586719787	35
174.11159	0.27986100586719787	35
377.16922	0.27986100586719787	65
234.17291	0.27986100586719787	65
170.1052	0.27986100586719787	65
158.08429	0.27986100586719787	35
317.13633	0.27986100586719787	65
382.21468	0.27986100586719787	65
308.27077	0.27986100586719787	65
177.08276	0.27986100586719787	65
190.07411	0.27986100586719787	65
642.32475	0.27986100586719787	65
332.14797	0.27986100586719787	65
408.32248	0.27986100586719787	65
355.16265	0.27986100586719787	65
409.14931	0.27986100586719787	65
614.37893	0.27986100586719787	35
368.25551	0.27986100586719787	35
378.20203	0.27986100586719787	65
521.34829	0.27986100586719787	65
284.21329	0.27986100586719787	35
188.08364	0.27986100586719787	65
254.0789	0.27986100586719787	65
360.19054	0.27986100586719787	65
344.16147	0.27986100586719787	35
475.23021	0.27986100586719787	35
397.28207	0.27986100586719787	65
390.15289	0.27986100586719787	65
538.201	0.27986100586719787	65
136.05235	0.27986100586719787	35
324.15556	0.27986100586719787	65
444.39466	0.27986100586719787	65
239.08059	0.27986100586719787	65
345.19344	0.27986100586719787	65
175.09555	0.27986100586719787	65
158.06898	0.27986100586719787	65
124.0887	0.27986100586719787	65
393.26929	0.27986100586719787	65
338.26019	0.27986100586719787	35
94.07813	0.27986100586719787	65
324.17524	0.27986100586719787	65
173.08388	0.27986100586719787	35
183.06418	0.27986100586719787	65
255.07378	0.27986100586719787	65
201.0788	0.27986100586719787	65
223.08391	0.27986100586719787	65
144.05737	0.27986100586719787	65
280.09181	0.27986100586719787	65
312.22917	0.27986100586719787	35
123.06833	0.27986100586719787	65
233.08953	0.27986100586719787	65
309.26606	0.27986100586719787	65
238.1314	0.27986100586719787	65
326.1334	0.27986100586719787	65
248.10455	0.27986100586719787	35
136.03842	0.27986100586719787	65
121.05263	0.27986100586719787	65
167.13089	0.27986100586719787	35
280.10523	0.27986100586719787	65
190.13549	0.27986100586719787	65
286.05578	0.27986100586719787	65
340.29693	0.27986100586719787	65
288.13568	0.27986100586719787	65
145.15775	0.27986100586719787	65
298.22891	0.27986100586719787	65
210.06792	0.27986100586719787	65
336.14683	0.31499924224382436	36
266.08981	0.31499924224382436	64
326.07567	0.31499924224382436	36
413.29127	0.31499924224382436	64
343.25034	0.31499924224382436	36
372.26572	0.31499924224382436	36
261.12063	0.31499924224382436	36
288.2082	0.31499924224382436	64
227.07909	0.31499924224382436	64
302.16225	0.31499924224382436	36
165.06499	0.31499924224382436	36
312.19395	0.31499924224382436	64
339.05338	0.31499924224382436	36
285.15788	0.31499924224382436	36
335.17725	0.31499924224382436	64
178.10262	0.31499924224382436	64
616.37868	0.31499924224382436	36
370.18758	0.31499924224382436	64
232.10973	0.31499924224382436	64
313.18821	0.31499924224382436	36
335.24523	0.31499924224382436	64
385.31868	0.31499924224382436	36
392.16661	0.31499924224382436	64
367.30806	0.31499924224382436	64
403.17359	0.31499924224382436	64
632.28685	0.31499924224382436	36
338.26012	0.31499924224382436	64
262.12031	0.31499924224382436	64
298.09224	0.31499924224382436	64
269.14102	0.31499924224382436	36
432.24959	0.31499924224382436	36
315.15405	0.31499924224382436	64
289.23998	0.31499924224382436	36
336.20363	0.31499924224382436	64
272.14078	0.31499924224382436	64
1236.80564	0.31499924224382436	64
186.06383	0.31499924224382436	64
540.30663	0.31499924224382436	36
349.15184	0.31499924224382436	36
482.28606	0.31499924224382436	36
166.04901	0.31499924224382436	36
215.05577	0.31499924224382436	64
341.14025	0.31499924224382436	36
226.10038	0.31499924224382436	36
322.17687	0.31499924224382436	64
273.12061	0.31499924224382436	64
268.00567	0.31499924224382436	64
454.30788	0.31499924224382436	64
159.1258	0.31499924224382436	64
411.17879	0.31499924224382436	36
590.34263	0.31499924224382436	36
266.15126	0.31499924224382436	64
345.2659	0.31499924224382436	64
216.1512	0.31499924224382436	64
344.19556	0.31499924224382436	64
191.05805	0.31499924224382436	64
191.07921	0.31499924224382436	64
256.1165	0.31499924224382436	64
300.20815	0.31499924224382436	64
158.09415	0.31499924224382436	64
216.12213	0.31499924224382436	64
408.16072	0.31499924224382436	36
165.07881	0.31499924224382436	64
292.23952	0.31499924224382436	64
254.13744	0.31499924224382436	64
263.17283	0.31499924224382436	36
143.0942	0.31499924224382436	36
211.05896	0.31499924224382436	36
298.24989	0.31499924224382436	36
236.06817	0.31499924224382436	64
342.31253	0.31499924224382436	36
156.07847	0.31499924224382436	64
174.03156	0.31499924224382436	64
154.06282	0.31499924224382436	64
172.04816	0.31499924224382436	64
574.45914	0.31499924224382436	64
282.19379	0.31499924224382436	64
344.27079	0.31499924224382436	64
130.03764	0.31499924224382436	64
402.32769	0.31499924224382436	64
200.10454	0.31499924224382436	64
174.08906	0.31499924224382436	36
214.074	0.31499924224382436	64
70.04178	0.31499924224382436	64
160.12508	0.31499924224382436	64
309.10531	0.31499924224382436	64
122.10936	0.35268137435320107	63
327.14633	0.35268137435320107	63
182.02619	0.35268137435320107	63
205.08504	0.35268137435320107	63
170.10935	0.35268137435320107	63
199.12077	0.35268137435320107	37
256.18205	0.35268137435320107	37
316.23945	0.35268137435320107	37
354.15311	0.35268137435320107	63
222.06716	0.35268137435320107	63
262.08365	0.35268137435320107	37
224.15226	0.35268137435320107	63
174.06792	0.35268137435320107	37
231.10044	0.35268137435320107	37
396.21069	0.35268137435320107	37
325.22466	0.35268137435320107	37
336.26593	0.35268137435320107	63
227.22451	0.35268137435320107	63
139.13602	0.35268137435320107	37
498.21207	0.35268137435320107	63
480.34355	0.35268137435320107	63
374.17231	0.35268137435320107	63
201.17261	0.35268137435320107	63
287.06849	0.35268137435320107	37
400.29659	0.35268137435320107	63
313.26097	0.35268137435320107	63
343.12572	0.35268137435320107	37
338.35589	0.35268137435320107	63
534.28317	0.35268137435320107	63
363.14229	0.35268137435320107	37
618.26838	0.35268137435320107	37
348.17799	0.35268137435320107	63
283.28682	0.35268137435320107	63
516.25578	0.35268137435320107	63
258.18258	0.35268137435320107	63
660.42076	0.35268137435320107	37
177.09023	0.35268137435320107	63
130.07405	0.35268137435320107	63
181.04992	0.35268137435320107	37
264.17225	0.35268137435320107	37
326.11479	0.35268137435320107	37
159.0683	0.35268137435320107	37
158.04004	0.35268137435320107	37
352.22331	0.35268137435320107	63
405.18892	0.35268137435320107	63
346.1773	0.35268137435320107	63
317.21937	0.35268137435320107	63
316.18784	0.35268137435320107	63
309.2413	0.35268137435320107	37
335.13702	0.35268137435320107	63
214.05874	0.35268137435320107	63
218.05769	0.35268137435320107	37
478.29091	0.35268137435320107	37
145.11015	0.35268137435320107	63
309.30236	0.35268137435320107	63
312.15428000000003	0.35268137435320107	63
328.23939	0.35268137435320107	37
75.06836	0.35268137435320107	37
372.12024	0.35268137435320107	37
412.11271	0.35268137435320107	37
378.27609	0.35268137435320107	37
325.29734	0.35268137435320107	37
330.10969	0.35268137435320107	37
294.07096	0.35268137435320107	37
386.17213	0.35268137435320107	63
286.23632	0.35268137435320107	63
248.17716	0.35268137435320107	63
194.05764	0.35268137435320107	37
96.0574	0.35268137435320107	37
432.32302	0.35268137435320107	63
303.16752	0.35268137435320107	63
118.08212	0.35268137435320107	37
127.02676	0.35268137435320107	63
279.1578	0.35268137435320107	37
254.07624	0.35268137435320107	63
245.16219	0.35268137435320107	37
221.10489	0.35268137435320107	63
234.23429	0.35268137435320107	37
314.16207000000003	0.35268137435320107	63
466.30805	0.35268137435320107	37
244.11766	0.35268137435320107	63
351.16745	0.35268137435320107	63
164.09483	0.35268137435320107	63
474.37038	0.35268137435320107	63
236.08333	0.35268137435320107	63
618.60514	0.39304812834224606	62
131.05823	0.39304812834224606	62
340.13728	0.39304812834224606	62
128.00434	0.39304812834224606	62
266.12616	0.39304812834224606	62
299.1202	0.39304812834224606	62
140.04723	0.39304812834224606	38
217.08494	0.39304812834224606	62
333.19336	0.39304812834224606	62
205.11014	0.39304812834224606	62
104.04723	0.39304812834224606	62
220.12092	0.39304812834224606	62
145.03728	0.39304812834224606	38
317.16178	0.39304812834224606	62
329.15821999999997	0.39304812834224606	38
759.50546	0.39304812834224606	62
265.18503	0.39304812834224606	38
278.22392	0.39304812834224606	38
195.10068	0.39304812834224606	62
231.11029	0.39304812834224606	62
270.0845	0.39304812834224606	38
458.33921	0.39304812834224606	62
198.10024	0.39304812834224606	38
319.14446	0.39304812834224606	62
277.16713	0.39304812834224606	62
152.1199	0.39304812834224606	62
498.37007	0.39304812834224606	62
272.2133	0.39304812834224606	38
195.07413	0.39304812834224606	38
330.18236	0.39304812834224606	62
453.23293	0.39304812834224606	38
303.2191	0.39304812834224606	38
322.21362	0.39304812834224606	62
504.33788	0.39304812834224606	62
302.13633	0.39304812834224606	38
159.10459	0.39304812834224606	62
268.2759	0.39304812834224606	62
349.12618	0.39304812834224606	38
586.38416	0.39304812834224606	62
468.3598	0.39304812834224606	38
294.2188	0.39304812834224606	38
856.64707	0.39304812834224606	62
422.27896	0.39304812834224606	62
652.30006	0.39304812834224606	38
636.29718	0.39304812834224606	62
346.23469	0.39304812834224606	62
399.1369	0.39304812834224606	62
317.12551	0.39304812834224606	38
262.14222	0.39304812834224606	38
151.04926	0.39304812834224606	38
187.11067	0.39304812834224606	38
238.15654	0.39304812834224606	62
294.18233	0.39304812834224606	62
189.08963	0.39304812834224606	38
370.2306	0.39304812834224606	62
362.20005	0.39304812834224606	38
336.20204	0.39304812834224606	62
293.19826	0.39304812834224606	62
305.19763	0.39304812834224606	62
217.13262	0.39304812834224606	38
271.14143	0.39304812834224606	38
404.19747	0.39304812834224606	62
306.16826	0.39304812834224606	38
440.19431	0.39304812834224606	38
230.10524	0.39304812834224606	62
214.11834	0.39304812834224606	62
200.17742	0.39304812834224606	38
108.06878	0.39304812834224606	62
138.10425	0.39304812834224606	38
166.13557	0.39304812834224606	38
115.06328	0.39304812834224606	62
189.07857	0.39304812834224606	62
364.26052	0.39304812834224606	62
142.07413	0.39304812834224606	62
110.04796	0.39304812834224606	62
125.08397	0.39304812834224606	38
146.10539	0.39304812834224606	62
129.07884	0.39304812834224606	62
227.0614	0.39304812834224606	62
133.1102	0.39304812834224606	62
130.02652	0.39304812834224606	62
177.06352	0.39304812834224606	62
312.09903	0.39304812834224606	62
358.09576	0.39304812834224606	62
270.08872	0.39304812834224606	62
275.09999	0.39304812834224606	38
198.10044	0.39304812834224606	62
284.10434	0.39304812834224606	62
342.17891	0.39304812834224606	38
243.08502	0.39304812834224606	62
286.19255	0.39304812834224606	62
411.2767	0.39304812834224606	38
514.27513	0.39304812834224606	38
340.13045	0.39304812834224606	38
203.15201	0.39304812834224606	38
224.08343	0.39304812834224606	62
210.12546	0.39304812834224606	62
266.16258	0.39304812834224606	38
384.22908	0.39304812834224606	62
262.08119	0.39304812834224606	38
290.17361	0.39304812834224606	38
189.09002	0.39304812834224606	62
131.0945	0.39304812834224606	62
228.14705	0.39304812834224606	38
272.15177	0.39304812834224606	38
122.04792	0.39304812834224606	38
160.08466	0.39304812834224606	38
517.2711	0.39304812834224606	38
211.04771	0.39304812834224606	62
286.11997	0.39304812834224606	62
150.03152	0.39304812834224606	38
270.19776	0.39304812834224606	62
221.06857	0.39304812834224606	38
394.28637	0.39304812834224606	38
315.20383	0.39304812834224606	62
354.18164	0.39304812834224606	62
334.21372	0.39304812834224606	62
82.07816	0.39304812834224606	38
180.07849	0.39304812834224606	38
146.06907	0.39304812834224606	62
248.0833	0.39304812834224606	62
394.32283	0.43587217735824557	61
110.07311	0.43587217735824557	61
150.11561	0.43587217735824557	39
118.04174	0.43587217735824557	39
162.08906	0.43587217735824557	39
586.45862	0.43587217735824557	61
231.14675	0.43587217735824557	39
384.33427	0.43587217735824557	61
234.1365	0.43587217735824557	61
336.09667	0.43587217735824557	61
546.31424	0.43587217735824557	61
406.17397	0.43587217735824557	61
593.57426	0.43587217735824557	61
465.30846	0.43587217735824557	39
862.55638	0.43587217735824557	39
398.35442	0.43587217735824557	61
298.15303	0.43587217735824557	61
274.19266	0.43587217735824557	61
274.19254	0.43587217735824557	61
181.1465	0.43587217735824557	61
196.03696	0.43587217735824557	39
219.05308	0.43587217735824557	39
162.12578	0.43587217735824557	61
258.13643	0.43587217735824557	61
454.344	0.43587217735824557	39
220.02578	0.43587217735824557	61
197.12808	0.43587217735824557	39
122.05781	0.43587217735824557	61
348.14126	0.43587217735824557	61
280.15302	0.43587217735824557	61
376.13571	0.43587217735824557	39
281.27109	0.43587217735824557	61
388.15503	0.43587217735824557	61
548.29604	0.43587217735824557	39
355.09714	0.43587217735824557	61
438.18206	0.43587217735824557	61
924.55887	0.43587217735824557	61
883.70586	0.43587217735824557	39
466.30661	0.43587217735824557	61
341.17368	0.43587217735824557	61
391.12571	0.43587217735824557	39
156.05346	0.43587217735824557	39
332.17297	0.43587217735824557	61
263.15181	0.43587217735824557	39
308.21917	0.43587217735824557	39
284.12538	0.43587217735824557	61
328.22474	0.43587217735824557	61
402.31252	0.43587217735824557	39
360.13119	0.43587217735824557	61
309.1567	0.43587217735824557	39
243.05039	0.43587217735824557	39
260.15172	0.43587217735824557	39
388.20138	0.43587217735824557	61
491.27372	0.43587217735824557	61
398.16811	0.43587217735824557	61
407.166	0.43587217735824557	61
309.15705	0.43587217735824557	61
203.12679	0.43587217735824557	61
219.07405	0.43587217735824557	61
156.05337	0.43587217735824557	61
160.07346	0.43587217735824557	61
152.11987	0.43587217735824557	39
166.11057	0.43587217735824557	61
199.19345	0.43587217735824557	61
274.26543	0.43587217735824557	61
138.04281	0.43587217735824557	61
296.27081	0.43587217735824557	39
228.08959	0.43587217735824557	61
282.12097	0.43587217735824557	61
113.08397	0.43587217735824557	39
270.0887	0.43587217735824557	39
492.27342	0.43587217735824557	39
438.22219	0.43587217735824557	61
187.06316	0.43587217735824557	39
204.0897	0.43587217735824557	39
145.05261	0.43587217735824557	39
224.17727	0.43587217735824557	39
434.28163	0.43587217735824557	39
342.12192	0.43587217735824557	61
310.24993	0.43587217735824557	39
238.09903	0.43587217735824557	61
495.23648	0.43587217735824557	61
358.25005	0.43587217735824557	39
126.04281	0.43587217735824557	39
137.08393	0.48125094719521977	40
308.15201	0.48125094719521977	40
414.09185	0.48125094719521977	40
330.25497	0.48125094719521977	60
146.07303	0.48125094719521977	60
309.30241	0.48125094719521977	60
158.05782	0.48125094719521977	60
292.27581	0.48125094719521977	60
101.08399	0.48125094719521977	60
88.09993	0.48125094719521977	40
420.32311	0.48125094719521977	60
360.15895	0.48125094719521977	40
303.09492	0.48125094719521977	60
206.10542	0.48125094719521977	60
317.29211	0.48125094719521977	60
105.05779	0.48125094719521977	60
240.14695	0.48125094719521977	60
280.16716	0.48125094719521977	40
401.24158	0.48125094719521977	40
296.17689	0.48125094719521977	40
523.36344	0.48125094719521977	60
429.2367	0.48125094719521977	60
399.33398999999997	0.48125094719521977	40
252.07822	0.48125094719521977	40
314.11459	0.48125094719521977	60
167.02642	0.48125094719521977	60
102.01384	0.48125094719521977	40
244.10962	0.48125094719521977	60
320.20953	0.48125094719521977	40
219.11042	0.48125094719521977	40
243.08915	0.48125094719521977	60
272.10482	0.48125094719521977	40
209.14132	0.48125094719521977	60
242.14128	0.48125094719521977	60
113.05883	0.48125094719521977	40
294.14601	0.48125094719521977	60
388.18994	0.48125094719521977	60
344.23304	0.48125094719521977	60
265.10588	0.48125094719521977	60
234.16161	0.48125094719521977	60
243.18303	0.48125094719521977	60
474.29653	0.48125094719521977	40
300.14445	0.48125094719521977	40
302.16923	0.48125094719521977	40
246.23422	0.48125094719521977	40
172.06302	0.48125094719521977	60
412.19103	0.48125094719521977	60
369.28722	0.48125094719521977	60
153.06502	0.48125094719521977	40
321.16823	0.48125094719521977	40
502.25241	0.48125094719521977	60
399.2419	0.48125094719521977	40
341.25569	0.48125094719521977	40
378.16723	0.48125094719521977	60
330.21807	0.48125094719521977	60
368.29136	0.48125094719521977	40
132.05732	0.48125094719521977	40
97.05266	0.48125094719521977	60
136.07322	0.48125094719521977	60
248.09469000000001	0.48125094719521977	60
702.30063	0.48125094719521977	40
352.19694	0.48125094719521977	60
518.26561	0.48125094719521977	60
286.18845	0.48125094719521977	40
301.29893	0.48125094719521977	60
418.27151	0.48125094719521977	40
310.22875	0.48125094719521977	60
189.09994	0.48125094719521977	40
443.20506	0.48125094719521977	60
319.15633	0.48125094719521977	60
336.14021	0.48125094719521977	60
398.20604	0.48125094719521977	60
276.13308	0.48125094719521977	60
211.15715	0.48125094719521977	40
109.05258	0.48125094719521977	40
452.32831	0.48125094719521977	40
344.23436	0.48125094719521977	60
314.185	0.48125094719521977	40
198.05273	0.48125094719521977	40
184.10982	0.48125094719521977	60
241.10584	0.48125094719521977	60
274.22901	0.48125094719521977	60
250.15652	0.48125094719521977	40
288.20815	0.48125094719521977	40
276.13157	0.48125094719521977	60
149.06865	0.48125094719521977	40
203.07927	0.48125094719521977	40
116.06244	0.48125094719521977	40
190.09518	0.48125094719521977	60
230.12612	0.48125094719521977	60
416.3283	0.48125094719521977	60
168.04218	0.48125094719521977	40
345.16824	0.48125094719521977	60
117.05773	0.48125094719521977	40
246.1323	0.48125094719521977	40
288.20428	0.48125094719521977	60
364.14736	0.48125094719521977	60
136.09995	0.48125094719521977	60
218.10529	0.48125094719521977	40
300.11124	0.48125094719521977	60
275.16285	0.48125094719521977	60
346.17321	0.48125094719521977	60
176.06828	0.48125094719521977	40
137.0588	0.48125094719521977	60
517.32321	0.48125094719521977	60
136.06355	0.48125094719521977	40
252.02216	0.48125094719521977	40
359.13215	0.5288488601182101	41
189.07479	0.5288488601182101	59
310.19264	0.5288488601182101	59
285.22981	0.5288488601182101	59
377.25517	0.5288488601182101	59
344.17292	0.5288488601182101	59
304.09398	0.5288488601182101	59
338.22382	0.5288488601182101	41
178.06288	0.5288488601182101	59
234.19788	0.5288488601182101	41
270.12501	0.5288488601182101	59
381.16331	0.5288488601182101	59
351.1528	0.5288488601182101	59
478.32713	0.5288488601182101	59
308.20901	0.5288488601182101	59
242.13021	0.5288488601182101	59
171.11165	0.5288488601182101	59
266.26034	0.5288488601182101	41
294.19369	0.5288488601182101	59
291.14609	0.5288488601182101	59
231.08924	0.5288488601182101	59
235.1205	0.5288488601182101	59
310.11535	0.5288488601182101	59
260.11539	0.5288488601182101	59
222.08911	0.5288488601182101	41
268.12095	0.5288488601182101	59
228.17227	0.5288488601182101	41
424.18041	0.5288488601182101	59
469.22404	0.5288488601182101	59
308.17286	0.5288488601182101	59
395.26693	0.5288488601182101	59
244.07307	0.5288488601182101	41
215.16345	0.5288488601182101	59
180.11482	0.5288488601182101	41
376.29702	0.5288488601182101	41
610.30161	0.5288488601182101	41
182.05777	0.5288488601182101	59
198.05263	0.5288488601182101	59
318.21626	0.5288488601182101	41
287.1628	0.5288488601182101	41
158.07688	0.5288488601182101	59
318.21913	0.5288488601182101	59
302.07842	0.5288488601182101	41
420.18534	0.5288488601182101	59
268.14611	0.5288488601182101	59
237.17257	0.5288488601182101	41
252.11463	0.5288488601182101	59
298.17735	0.5288488601182101	59
321.15261	0.5288488601182101	59
309.14673	0.5288488601182101	59
481.31661	0.5288488601182101	41
358.12696	0.5288488601182101	41
685.46459	0.5288488601182101	59
902.58849	0.5288488601182101	41
232.08441	0.5288488601182101	59
266.15118	0.5288488601182101	41
262.16765	0.5288488601182101	59
341.1832	0.5288488601182101	59
381.12644	0.5288488601182101	59
411.29787	0.5288488601182101	59
513.32977	0.5288488601182101	59
173.07993	0.5288488601182101	59
161.08387	0.5288488601182101	59
408.25115	0.5288488601182101	41
361.26055	0.5288488601182101	59
358.19826	0.5288488601182101	41
171.10482	0.5288488601182101	59
363.18979	0.5288488601182101	41
376.13765	0.5288488601182101	59
362.24492	0.5288488601182101	59
301.18998	0.5288488601182101	41
298.19277	0.5288488601182101	59
233.88046	0.5288488601182101	59
153.04244	0.5288488601182101	59
446.21118	0.5288488601182101	59
384.32321	0.5288488601182101	59
298.08351	0.5288488601182101	59
303.1424	0.5288488601182101	59
456.3597	0.5288488601182101	59
400.26046	0.5288488601182101	59
178.06289	0.5288488601182101	59
386.22735	0.5288488601182101	59
588.36333	0.5288488601182101	59
250.22899	0.5288488601182101	59
264.07401	0.5288488601182101	59
203.09041	0.5288488601182101	59
330.27625	0.5288488601182101	59
308.07899	0.5288488601182101	59
194.06902	0.5288488601182101	41
193.0738	0.5288488601182101	41
322.08339	0.5288488601182101	41
223.19332	0.5288488601182101	59
224.06826	0.5288488601182101	41
114.06799	0.5288488601182101	41
159.06828	0.5288488601182101	41
228.08952	0.5288488601182101	41
272.06793	0.5288488601182101	59
278.12935	0.5288488601182101	59
255.11009	0.5288488601182101	59
281.1368	0.5288488601182101	41
255.25565	0.5288488601182101	59
184.08472	0.5288488601182101	59
435.21523	0.5288488601182101	59
334.15211	0.5288488601182101	59
133.05604	0.5288488601182101	41
354.10968	0.5288488601182101	41
145.05255	0.5288488601182101	41
192.11501	0.5288488601182101	41
199.09562	0.5288488601182101	59
361.1995	0.5288488601182101	41
254.20292	0.5288488601182101	59
257.10074	0.5288488601182101	59
165.04245	0.5288488601182101	59
261.1572	0.5787416917447878	58
208.12474	0.5787416917447878	58
378.12802	0.5787416917447878	58
253.2764	0.5787416917447878	42
408.17385	0.5787416917447878	58
270.09989	0.5787416917447878	58
310.08361	0.5787416917447878	58
254.09388	0.5787416917447878	42
265.13085	0.5787416917447878	58
273.19351	0.5787416917447878	58
374.28127	0.5787416917447878	58
71.07345	0.5787416917447878	42
467.31286	0.5787416917447878	58
464.21532	0.5787416917447878	58
395.30254	0.5787416917447878	58
334.18827	0.5787416917447878	42
324.14682	0.5787416917447878	42
252.07409	0.5787416917447878	58
220.1823	0.5787416917447878	58
251.10004	0.5787416917447878	58
114.0139	0.5787416917447878	58
187.08434	0.5787416917447878	58
359.15847	0.5787416917447878	58
285.19332000000003	0.5787416917447878	58
179.07921	0.5787416917447878	58
252.20843	0.5787416917447878	58
287.2455	0.5787416917447878	42
240.15093	0.5787416917447878	58
252.17194	0.5787416917447878	42
367.2432	0.5787416917447878	58
284.18432	0.5787416917447878	58
139.09964	0.5787416917447878	58
226.16775	0.5787416917447878	58
151.0996	0.5787416917447878	58
143.07342	0.5787416917447878	58
220.06964	0.5787416917447878	42
382.28622	0.5787416917447878	58
396.26472	0.5787416917447878	42
416.25399	0.5787416917447878	42
405.34471	0.5787416917447878	42
242.08106	0.5787416917447878	42
161.06851	0.5787416917447878	58
364.22431	0.5787416917447878	58
309.16829	0.5787416917447878	58
588.2942	0.5787416917447878	42
483.30353	0.5787416917447878	58
175.08443	0.5787416917447878	58
296.16168	0.5787416917447878	58
191.10586	0.5787416917447878	58
468.27018	0.5787416917447878	58
163.08431	0.5787416917447878	58
303.11005	0.5787416917447878	58
348.10289	0.5787416917447878	58
521.33562	0.5787416917447878	58
326.14714	0.5787416917447878	58
303.20364	0.5787416917447878	42
289.16881	0.5787416917447878	58
115.02684000000001	0.5787416917447878	58
318.15553	0.5787416917447878	58
99.01439	0.5787416917447878	42
424.33367	0.5787416917447878	58
202.08385	0.5787416917447878	58
345.19152	0.5787416917447878	42
228.09911	0.5787416917447878	58
365.20723	0.5787416917447878	42
387.22521	0.5787416917447878	58
381.21379	0.5787416917447878	58
446.33843	0.5787416917447878	58
410.35402	0.5787416917447878	58
320.19808	0.5787416917447878	42
362.20857	0.5787416917447878	58
260.12564	0.5787416917447878	58
769.44059	0.5787416917447878	58
99.06835	0.5787416917447878	42
114.03165	0.5787416917447878	58
194.10534	0.5787416917447878	58
137.02982	0.5787416917447878	58
286.15621	0.5787416917447878	58
253.24001	0.5787416917447878	58
125.01453	0.5787416917447878	58
228.07428	0.5787416917447878	58
582.48545	0.5787416917447878	58
210.06788	0.5787416917447878	42
109.0527	0.5787416917447878	58
416.27425	0.5787416917447878	58
404.19033	0.5787416917447878	58
436.35465	0.5787416917447878	42
188.06834	0.5787416917447878	58
285.13164	0.5787416917447878	42
382.25008	0.5787416917447878	42
396.26317	0.5787416917447878	42
264.13573	0.5787416917447878	58
146.10941	0.5787416917447878	58
134.073	0.5787416917447878	58
302.15829	0.5787416917447878	42
539.52763	0.5787416917447878	58
285.09522	0.5787416917447878	42
563.52706	0.5787416917447878	58
329.1983	0.5787416917447878	42
208.08464	0.5787416917447878	42
138.06798	0.5787416917447878	42
588.47504	0.5787416917447878	58
324.10782	0.5787416917447878	58
311.1476	0.5787416917447878	58
252.11066	0.5787416917447878	58
567.55837	0.5787416917447878	58
225.09975	0.5787416917447878	42
246.10004	0.5787416917447878	42
86.07307	0.5787416917447878	42
284.17699	0.5787416917447878	58
224.21366	0.5787416917447878	42
253.09466	0.6305289138106477	43
167.10572	0.6305289138106477	43
707.15965	0.6305289138106477	57
247.08407	0.6305289138106477	43
363.1763	0.6305289138106477	57
202.09925	0.6305289138106477	57
279.18292	0.6305289138106477	57
181.07393	0.6305289138106477	57
164.05065	0.6305289138106477	57
213.13614	0.6305289138106477	57
192.04209	0.6305289138106477	43
347.06241	0.6305289138106477	43
326.19104	0.6305289138106477	57
247.14153	0.6305289138106477	43
270.07332	0.6305289138106477	43
194.13048	0.6305289138106477	57
211.0955	0.6305289138106477	43
596.35019	0.6305289138106477	57
183.08944	0.6305289138106477	57
319.14127	0.6305289138106477	43
302.1472	0.6305289138106477	57
436.2805	0.6305289138106477	57
258.12519	0.6305289138106477	43
342.23989	0.6305289138106477	57
253.13632	0.6305289138106477	43
289.18852	0.6305289138106477	57
354.17961	0.6305289138106477	43
359.26688	0.6305289138106477	57
348.10598	0.6305289138106477	57
632.24747	0.6305289138106477	43
99.10478	0.6305289138106477	57
480.32087	0.6305289138106477	43
187.15712	0.6305289138106477	57
186.10027	0.6305289138106477	57
378.12676	0.6305289138106477	57
1481.03106	0.6305289138106477	57
408.12906	0.6305289138106477	43
412.40779	0.6305289138106477	57
310.09478	0.6305289138106477	43
301.14168	0.6305289138106477	57
410.31801	0.6305289138106477	57
345.15703	0.6305289138106477	57
398.20454	0.6305289138106477	57
578.49043	0.6305289138106477	57
256.13066	0.6305289138106477	43
162.01798	0.6305289138106477	43
268.18211	0.6305289138106477	43
372.16794	0.6305289138106477	43
213.03987	0.6305289138106477	43
863.64157	0.6305289138106477	43
248.0791	0.6305289138106477	57
209.12826	0.6305289138106477	43
436.26515	0.6305289138106477	57
248.15201	0.6305289138106477	43
171.08941	0.6305289138106477	57
173.04754	0.6305289138106477	57
250.09761	0.6305289138106477	43
316.15044	0.6305289138106477	43
358.27122	0.6305289138106477	43
301.16299	0.6305289138106477	57
172.09994	0.6305289138106477	43
541.3188	0.6305289138106477	57
532.3015	0.6305289138106477	57
278.14222	0.6305289138106477	43
182.13064	0.6305289138106477	57
262.15621	0.6305289138106477	57
179.05814	0.6305289138106477	57
316.09402	0.6305289138106477	57
229.07352	0.6305289138106477	57
436.29718	0.6305289138106477	43
150.10431	0.6305289138106477	43
256.16651	0.6305289138106477	57
278.18767	0.6305289138106477	57
316.20306	0.6305289138106477	57
297.30242	0.6305289138106477	57
185.06869	0.6305289138106477	57
416.29139	0.6305289138106477	43
303.25292	0.6305289138106477	57
228.1106	0.6305289138106477	57
345.12051	0.6305289138106477	57
365.13361	0.6305289138106477	43
299.28169	0.6305289138106477	43
495.33148	0.6305289138106477	57
177.07887	0.6305289138106477	43
368.27079	0.6305289138106477	57
250.13138	0.6305289138106477	43
180.05336	0.6305289138106477	57
237.06338	0.6305289138106477	57
178.09925	0.6305289138106477	43
418.21475	0.6305289138106477	57
473.16557	0.6305289138106477	43
204.07851	0.6305289138106477	57
440.36476	0.6305289138106477	57
149.04763	0.6305289138106477	57
196.10975	0.6305289138106477	43
183.12581	0.6305289138106477	57
402.27524	0.6305289138106477	57
326.2237	0.6305289138106477	57
355.30778	0.6305289138106477	57
250.16777	0.6305289138106477	57
316.27648	0.6305289138106477	43
74.03667	0.6305289138106477	43
345.25089	0.6305289138106477	57
272.11558	0.6305289138106477	57
148.05628	0.6842105263157896	44
174.05261	0.6842105263157896	44
280.09436	0.6842105263157896	44
282.09995	0.6842105263157896	44
307.25045	0.6842105263157896	56
307.17769	0.6842105263157896	44
129.05775	0.6842105263157896	56
174.07918	0.6842105263157896	44
288.18315	0.6842105263157896	56
221.09106	0.6842105263157896	56
256.12075	0.6842105263157896	44
338.14765	0.6842105263157896	56
271.10511	0.6842105263157896	44
219.12908	0.6842105263157896	56
146.03666	0.6842105263157896	56
600.48984	0.6842105263157896	44
674.43609	0.6842105263157896	56
94.00877	0.6842105263157896	56
243.1116	0.6842105263157896	44
240.09953	0.6842105263157896	44
290.15185	0.6842105263157896	44
186.12544	0.6842105263157896	56
217.07348	0.6842105263157896	56
141.11533	0.6842105263157896	44
324.26553	0.6842105263157896	56
257.19867	0.6842105263157896	56
392.22415	0.6842105263157896	44
140.02797	0.6842105263157896	56
189.09986	0.6842105263157896	44
340.14898	0.6842105263157896	56
218.16671	0.6842105263157896	56
399.12844	0.6842105263157896	56
248.06567	0.6842105263157896	44
407.20083	0.6842105263157896	56
363.24031	0.6842105263157896	56
244.12083	0.6842105263157896	44
316.13152	0.6842105263157896	56
118.053	0.6842105263157896	56
296.10416	0.6842105263157896	56
280.12038	0.6842105263157896	56
196.12078	0.6842105263157896	56
342.25652	0.6842105263157896	56
355.14462	0.6842105263157896	56
600.36327000000006	0.6842105263157896	56
124.02733	0.6842105263157896	44
315.2767	0.6842105263157896	56
182.0736	0.6842105263157896	56
309.17195	0.6842105263157896	56
436.31789	0.6842105263157896	44
239.15187	0.6842105263157896	44
284.16163	0.6842105263157896	44
143.13095	0.6842105263157896	56
175.04778	0.6842105263157896	56
384.22542	0.6842105263157896	56
220.14596	0.6842105263157896	56
444.28679	0.6842105263157896	56
638.28288	0.6842105263157896	56
168.08978	0.6842105263157896	44
290.16313	0.6842105263157896	44
292.13299	0.6842105263157896	56
296.17561	0.6842105263157896	56
414.23873	0.6842105263157896	44
463.20998	0.6842105263157896	56
261.14729	0.6842105263157896	44
327.2767	0.6842105263157896	56
350.20816	0.6842105263157896	56
287.20879	0.6842105263157896	44
215.07901	0.6842105263157896	56
376.18431	0.6842105263157896	44
634.40644	0.6842105263157896	56
278.22426	0.6842105263157896	56
308.10015	0.6842105263157896	56
114.07916	0.6842105263157896	56
84.05743	0.6842105263157896	56
309.15434	0.6842105263157896	44
436.27995	0.6842105263157896	56
532.19664	0.6842105263157896	56
668.32773	0.6842105263157896	56
249.13577	0.6842105263157896	44
244.16835	0.6842105263157896	56
352.14507	0.6842105263157896	44
293.16182	0.6842105263157896	44
156.09381	0.6842105263157896	56
384.33843	0.6842105263157896	56
140.05847	0.6842105263157896	44
188.10465	0.6842105263157896	56
296.23421	0.6842105263157896	44
278.15133	0.6842105263157896	56
322.13681	0.6842105263157896	44
208.12105	0.6842105263157896	56
284.27076	0.6842105263157896	56
197.12758	0.6842105263157896	44
229.10594	0.6842105263157896	56
306.25257	0.6842105263157896	56
282.25514	0.6842105263157896	44
245.17344	0.6842105263157896	56
131.05809	0.6842105263157896	44
397.20936	0.6842105263157896	44
258.08464	0.6842105263157896	56
408.26612	0.6842105263157896	44
264.20841	0.6842105263157896	44
224.14091	0.6842105263157896	56
260.11228	0.6842105263157896	56
285.13594	0.6842105263157896	44
265.11566	0.6842105263157896	56
153.09007	0.6842105263157896	56
107.0734	0.6842105263157896	56
291.12134	0.6842105263157896	56
207.08937	0.6842105263157896	56
117.07884	0.6842105263157896	44
117.0789	0.6842105263157896	44
168.07846	0.6842105263157896	44
173.0146	0.6842105263157896	44
292.2032	0.6842105263157896	44
207.1104	0.6842105263157896	56
198.08908	0.6842105263157896	56
328.09391	0.6842105263157896	44
253.10605	0.6842105263157896	44
366.23988	0.6842105263157896	56
246.19792	0.6842105263157896	44
143.07342	0.6842105263157896	44
160.09997	0.6842105263157896	44
389.14266	0.6842105263157896	56
205.07376	0.6842105263157896	44
314.26031	0.6842105263157896	56
209.10604	0.7393643508194593	45
423.16823	0.7393643508194593	45
328.13926	0.7393643508194593	55
254.13037	0.7393643508194593	55
190.17191	0.7393643508194593	55
266.10144	0.7393643508194593	55
292.20339	0.7393643508194593	55
463.17978	0.7393643508194593	55
192.10004	0.7393643508194593	55
347.28163	0.7393643508194593	55
475.29219	0.7393643508194593	45
218.10533	0.7393643508194593	55
247.10514	0.7393643508194593	55
161.06967	0.7393643508194593	45
208.09503	0.7393643508194593	55
216.15117	0.7393643508194593	45
163.04796	0.7393643508194593	45
437.28879	0.7393643508194593	45
285.17253	0.7393643508194593	45
417.18886	0.7393643508194593	55
188.0472	0.7393643508194593	55
372.20011	0.7393643508194593	55
296.09372	0.7393643508194593	55
280.21444	0.7393643508194593	55
193.14655	0.7393643508194593	55
160.03703	0.7393643508194593	55
197.10505	0.7393643508194593	55
374.25618	0.7393643508194593	55
225.13622	0.7393643508194593	45
960.49147	0.7393643508194593	45
536.38418	0.7393643508194593	55
206.20327	0.7393643508194593	45
299.15158	0.7393643508194593	55
385.28264	0.7393643508194593	55
517.28952	0.7393643508194593	45
246.13636	0.7393643508194593	55
564.14728	0.7393643508194593	45
211.1934	0.7393643508194593	45
326.20856	0.7393643508194593	55
175.0995	0.7393643508194593	45
448.26799	0.7393643508194593	55
274.14299	0.7393643508194593	55
121.0891	0.7393643508194593	45
244.14601	0.7393643508194593	45
84.06882	0.7393643508194593	45
507.25554	0.7393643508194593	55
272.20944	0.7393643508194593	45
440.2914	0.7393643508194593	55
488.12914	0.7393643508194593	45
434.33869	0.7393643508194593	55
364.15147	0.7393643508194593	55
153.09015	0.7393643508194593	45
598.24285	0.7393643508194593	45
378.21452	0.7393643508194593	55
444.32493	0.7393643508194593	55
622.40558	0.7393643508194593	45
387.12356	0.7393643508194593	55
160.07434	0.7393643508194593	55
428.18392	0.7393643508194593	55
463.2997	0.7393643508194593	45
152.03325	0.7393643508194593	55
304.20281	0.7393643508194593	55
415.12619	0.7393643508194593	45
390.16508	0.7393643508194593	45
216.12606	0.7393643508194593	55
394.21221	0.7393643508194593	45
107.03702	0.7393643508194593	55
353.1823	0.7393643508194593	55
448.35502	0.7393643508194593	45
438.27538	0.7393643508194593	55
88.0634	0.7393643508194593	55
213.09996	0.7393643508194593	55
366.16062	0.7393643508194593	45
378.29742	0.7393643508194593	45
84.03226	0.7393643508194593	55
100.01604	0.7393643508194593	45
340.09407	0.7393643508194593	45
122.10927	0.7393643508194593	45
358.18837	0.7393643508194593	55
428.14418	0.7393643508194593	45
233.14112	0.7393643508194593	45
183.1621	0.7393643508194593	55
149.05091	0.7393643508194593	45
325.02965	0.7393643508194593	45
214.09515	0.7393643508194593	45
380.20122	0.7393643508194593	45
256.14194	0.7393643508194593	55
302.17229	0.7393643508194593	55
593.53722	0.7393643508194593	45
147.05297	0.7393643508194593	45
318.25489	0.7393643508194593	55
225.11095	0.7393643508194593	55
131.07342	0.7393643508194593	45
183.08943	0.7393643508194593	55
128.06236	0.7393643508194593	55
288.24454	0.7393643508194593	55
179.13074	0.7393643508194593	55
232.12092	0.7393643508194593	45
138.06798	0.7393643508194593	55
123.0319	0.7393643508194593	55
161.04755	0.7393643508194593	45
620.49826	0.7393643508194593	45
143.09455	0.7393643508194593	45
278.1989	0.7393643508194593	55
173.11634	0.7393643508194593	45
237.08579	0.7393643508194593	55
364.1879	0.7959362618805345	54
183.10065	0.7959362618805345	54
316.26053	0.7959362618805345	54
323.17258	0.7959362618805345	46
147.03195	0.7959362618805345	54
307.14102	0.7959362618805345	46
364.09737	0.7959362618805345	54
348.20401	0.7959362618805345	46
266.12581	0.7959362618805345	54
171.16315	0.7959362618805345	54
222.13661	0.7959362618805345	54
300.1104	0.7959362618805345	54
276.11051	0.7959362618805345	54
358.15563	0.7959362618805345	46
256.08776	0.7959362618805345	46
141.05407	0.7959362618805345	54
418.24877	0.7959362618805345	54
210.12556	0.7959362618805345	46
201.13621	0.7959362618805345	46
155.09458	0.7959362618805345	46
311.12644	0.7959362618805345	46
394.24706	0.7959362618805345	46
389.26391	0.7959362618805345	54
169.05982	0.7959362618805345	46
390.22457000000003	0.7959362618805345	46
270.19783	0.7959362618805345	54
402.22221	0.7959362618805345	54
380.18252	0.7959362618805345	46
263.18796	0.7959362618805345	46
305.23481	0.7959362618805345	46
406.08902	0.7959362618805345	46
246.12495	0.7959362618805345	54
211.14388	0.7959362618805345	46
329.23473	0.7959362618805345	54
218.14163	0.7959362618805345	54
264.2447	0.7959362618805345	46
234.1227	0.7959362618805345	54
401.17927	0.7959362618805345	54
408.16786	0.7959362618805345	46
161.08736	0.7959362618805345	46
429.19758	0.7959362618805345	46
276.18316	0.7959362618805345	46
254.10489	0.7959362618805345	54
250.09494	0.7959362618805345	54
337.13765	0.7959362618805345	54
280.17803	0.7959362618805345	46
440.20296	0.7959362618805345	46
134.0579	0.7959362618805345	54
292.18812	0.7959362618805345	46
1037.68328	0.7959362618805345	46
157.05267	0.7959362618805345	54
510.2119	0.7959362618805345	54
280.23951	0.7959362618805345	54
475.24562	0.7959362618805345	54
234.12577	0.7959362618805345	54
246.01391	0.7959362618805345	46
81.05781	0.7959362618805345	54
602.3582	0.7959362618805345	54
316.16632	0.7959362618805345	46
322.15147	0.7959362618805345	54
274.16763	0.7959362618805345	46
547.27781	0.7959362618805345	54
436.33332	0.7959362618805345	46
260.14201	0.7959362618805345	54
337.18778	0.7959362618805345	46
291.14884	0.7959362618805345	54
268.13054	0.7959362618805345	46
418.32268	0.7959362618805345	54
326.14742	0.7959362618805345	46
379.13744	0.7959362618805345	46
178.07805	0.7959362618805345	54
337.11561	0.7959362618805345	54
332.23401	0.7959362618805345	46
224.10464	0.7959362618805345	54
129.04247	0.7959362618805345	46
164.11993	0.7959362618805345	54
168.05337	0.7959362618805345	54
147.10472	0.7959362618805345	46
281.12569	0.7959362618805345	46
153.05366	0.7959362618805345	54
193.08471	0.7959362618805345	46
337.33365	0.7959362618805345	46
259.09513	0.7959362618805345	54
190.08393	0.7959362618805345	54
182.05781	0.7959362618805345	46
308.19805	0.7959362618805345	54
176.07952	0.7959362618805345	54
79.04212	0.7959362618805345	46
322.1386	0.7959362618805345	54
134.073	0.7959362618805345	54
185.08392	0.7959362618805345	46
339.34935	0.7959362618805345	46
256.07305	0.7959362618805345	46
321.26419	0.7959362618805345	54
224.11584	0.7959362618805345	46
111.06834	0.7959362618805345	46
96.02098	0.7959362618805345	54
163.08569	0.7959362618805345	46
163.06656	0.7959362618805345	46
367.21005	0.7959362618805345	54
186.14071	0.8534283054406895	53
196.07346	0.8534283054406895	53
176.09484	0.8534283054406895	47
329.18281	0.8534283054406895	47
207.05297	0.8534283054406895	53
343.27147	0.8534283054406895	47
177.09997	0.8534283054406895	47
119.04039	0.8534283054406895	53
414.31467	0.8534283054406895	47
480.27074	0.8534283054406895	47
415.16968	0.8534283054406895	47
441.26226	0.8534283054406895	53
122.03664	0.8534283054406895	53
494.23281	0.8534283054406895	47
295.1527	0.8534283054406895	53
245.06855	0.8534283054406895	47
454.27148	0.8534283054406895	47
179.06921	0.8534283054406895	47
303.10748	0.8534283054406895	53
251.11522	0.8534283054406895	47
414.20574	0.8534283054406895	47
176.05441	0.8534283054406895	53
250.19286	0.8534283054406895	47
142.07813	0.8534283054406895	53
270.23409	0.8534283054406895	53
258.06693	0.8534283054406895	47
344.23445	0.8534283054406895	47
266.18765	0.8534283054406895	53
422.2815	0.8534283054406895	47
444.21796	0.8534283054406895	53
398.06707	0.8534283054406895	53
199.08437	0.8534283054406895	53
205.09483	0.8534283054406895	53
275.12651	0.8534283054406895	53
197.11637	0.8534283054406895	47
520.3015	0.8534283054406895	53
407.26643	0.8534283054406895	47
460.3546	0.8534283054406895	53
537.37755	0.8534283054406895	47
326.24499	0.8534283054406895	53
594.38915	0.8534283054406895	53
274.08349	0.8534283054406895	53
346.13603	0.8534283054406895	53
502.23769	0.8534283054406895	53
259.1779	0.8534283054406895	47
341.13164	0.8534283054406895	53
238.1928	0.8534283054406895	53
606.31691	0.8534283054406895	47
432.28658	0.8534283054406895	53
285.13613	0.8534283054406895	53
178.11051	0.8534283054406895	53
544.33757	0.8534283054406895	53
356.0977	0.8534283054406895	53
295.13164	0.8534283054406895	53
162.07181	0.8534283054406895	47
298.15642	0.8534283054406895	47
212.14146	0.8534283054406895	47
347.20886	0.8534283054406895	47
246.19794	0.8534283054406895	47
356.25563	0.8534283054406895	47
202.1429	0.8534283054406895	47
448.31795	0.8534283054406895	53
275.13655	0.8534283054406895	47
300.14617	0.8534283054406895	53
220.07329	0.8534283054406895	47
306.21906	0.8534283054406895	53
388.21015	0.8534283054406895	47
335.17261	0.8534283054406895	53
342.19362	0.8534283054406895	53
283.1563	0.8534283054406895	53
470.22838	0.8534283054406895	47
386.20444	0.8534283054406895	53
216.02505	0.8534283054406895	53
183.05325	0.8534283054406895	53
351.16693	0.8534283054406895	53
411.16346	0.8534283054406895	47
289.1519	0.8534283054406895	47
356.23612	0.8534283054406895	53
389.19353	0.8534283054406895	47
245.10464	0.8534283054406895	47
156.06037	0.8534283054406895	47
370.23459	0.8534283054406895	47
335.20927	0.8534283054406895	53
376.16207000000003	0.8534283054406895	47
212.10664	0.8534283054406895	53
290.07869	0.8534283054406895	47
151.97815	0.8534283054406895	53
237.08447	0.8534283054406895	47
201.1	0.8534283054406895	47
380.18039	0.8534283054406895	47
174.11559	0.8534283054406895	53
89.08403	0.8534283054406895	53
149.08396	0.8534283054406895	53
111.07951	0.8534283054406895	53
233.12598	0.8534283054406895	47
114.04288	0.8534283054406895	53
307.21401	0.8534283054406895	47
112.02719	0.8534283054406895	53
226.05902	0.8534283054406895	47
188.08353	0.8534283054406895	53
152.0155	0.8534283054406895	47
286.22888	0.8534283054406895	53
248.21348	0.8534283054406895	47
304.20308	0.8534283054406895	53
270.2188	0.8534283054406895	53
259.17789	0.8534283054406895	47
181.11012	0.8534283054406895	47
382.17836	0.8534283054406895	53
288.17921	0.8534283054406895	53
428.36467	0.8534283054406895	53
133.05267	0.8534283054406895	53
383.20495	0.8534283054406895	53
161.10508	0.8534283054406895	47
234.07392	0.8534283054406895	47
208.18232	0.8534283054406895	47
239.18815	0.8534283054406895	53
295.1161	0.8534283054406895	53
130.12178	0.8534283054406895	47
246.0864	0.8534283054406895	53
222.11214	0.8534283054406895	47
175.06322	0.8534283054406895	53
229.16741	0.8534283054406895	53
236.12695	0.8534283054406895	47
541.06119	0.8534283054406895	47
192.16257	0.8534283054406895	53
116.09489	0.9117971811470265	52
354.14195	0.9117971811470265	48
220.08457	0.9117971811470265	52
151.07406	0.9117971811470265	52
314.1452	0.9117971811470265	48
226.13152	0.9117971811470265	48
190.03765	0.9117971811470265	52
191.0944	0.9117971811470265	52
242.18742	0.9117971811470265	52
121.08899	0.9117971811470265	48
155.13056	0.9117971811470265	52
434.16399	0.9117971811470265	48
452.28975	0.9117971811470265	48
279.14659	0.9117971811470265	52
233.16232	0.9117971811470265	52
258.08884	0.9117971811470265	52
352.26052	0.9117971811470265	52
405.1739	0.9117971811470265	48
312.20827	0.9117971811470265	52
164.0836	0.9117971811470265	48
251.1519	0.9117971811470265	48
181.04218	0.9117971811470265	52
191.13089	0.9117971811470265	52
115.06326	0.9117971811470265	48
98.07308	0.9117971811470265	52
325.29729	0.9117971811470265	52
178.06282	0.9117971811470265	52
145.08501	0.9117971811470265	52
372.30187	0.9117971811470265	52
201.07886	0.9117971811470265	48
223.12076	0.9117971811470265	52
259.13168	0.9117971811470265	52
469.30202	0.9117971811470265	52
634.47782	0.9117971811470265	52
113.02951	0.9117971811470265	48
247.15673	0.9117971811470265	48
279.13122	0.9117971811470265	48
133.08904	0.9117971811470265	48
342.15726	0.9117971811470265	52
252.11057	0.9117971811470265	52
378.20278	0.9117971811470265	52
552.29094	0.9117971811470265	48
165.07897	0.9117971811470265	48
315.16854	0.9117971811470265	52
362.17237	0.9117971811470265	48
150.06791	0.9117971811470265	52
349.20925	0.9117971811470265	48
592.50606	0.9117971811470265	52
332.13622	0.9117971811470265	52
195.12581	0.9117971811470265	52
554.12206	0.9117971811470265	48
562.38332	0.9117971811470265	52
267.18297	0.9117971811470265	48
143.05805	0.9117971811470265	52
240.12178	0.9117971811470265	52
564.14785	0.9117971811470265	48
301.22462	0.9117971811470265	48
118.02648	0.9117971811470265	52
214.08596	0.9117971811470265	48
288.17227	0.9117971811470265	52
305.1615	0.9117971811470265	48
399.17891	0.9117971811470265	48
428.21919	0.9117971811470265	48
260.17731	0.9117971811470265	48
420.19267	0.9117971811470265	48
327.31297	0.9117971811470265	52
338.20854	0.9117971811470265	52
357.11641	0.9117971811470265	48
293.17312	0.9117971811470265	48
332.13413	0.9117971811470265	52
249.17246	0.9117971811470265	52
300.08349	0.9117971811470265	48
187.16835	0.9117971811470265	48
153.11519	0.9117971811470265	48
361.15199	0.9117971811470265	48
185.08406	0.9117971811470265	52
184.03709	0.9117971811470265	48
218.1154	0.9117971811470265	48
592.53417	0.9117971811470265	52
449.31365	0.9117971811470265	48
144.05378	0.9117971811470265	52
344.13633	0.9117971811470265	52
333.15684	0.9117971811470265	48
274.13104	0.9117971811470265	52
237.13607	0.9117971811470265	48
210.08869	0.9117971811470265	48
243.12146	0.9117971811470265	52
356.19341	0.9117971811470265	48
317.17244	0.9117971811470265	48
570.33755	0.9117971811470265	52
536.29668	0.9117971811470265	52
312.10558	0.9117971811470265	48
409.22057	0.9117971811470265	52
172.08459	0.9117971811470265	48
130.11113	0.9117971811470265	52
232.10552	0.9117971811470265	48
145.14659	0.9117971811470265	52
248.14088	0.9117971811470265	52
101.04762	0.9117971811470265	48
315.14643	0.9117971811470265	52
219.14682	0.9117971811470265	52
196.07342	0.9117971811470265	48
252.13586	0.9117971811470265	52
526.15068	0.9117971811470265	48
267.09626	0.9117971811470265	52
310.28656	0.9117971811470265	52
228.12187	0.9117971811470265	48
199.12074	0.9117971811470265	52
268.23964	0.9117971811470265	52
490.22309	0.9117971811470265	52
166.0629	0.9117971811470265	52
358.21125	0.9117971811470265	48
330.21876	0.9117971811470265	52
332.1576	0.9117971811470265	52
211.13187	0.9117971811470265	48
213.0747	0.9117971811470265	48
270.05232	0.9117971811470265	48
479.28686	0.9117971811470265	48
260.12688000000003	0.9117971811470265	48
214.15636	0.9117971811470265	52
179.09437	0.9117971811470265	52
137.0476	0.9117971811470265	52
248.11575	0.9117971811470265	48
323.20898	0.9117971811470265	48
184.12105	0.9117971811470265	52
308.13632	0.9117971811470265	52
215.11526	0.9117971811470265	52
344.32828	0.9117971811470265	52
118.06297000000001	0.9117971811470265	52
265.16729	0.9117971811470265	52
410.28145	0.9117971811470265	48
328.26057	0.9117971811470265	48
193.11027	0.9117971811470265	52
428.23187	0.9117971811470265	52
124.0523	0.9117971811470265	52
144.04215	0.9705124596765462	51
355.21007	0.9705124596765462	51
119.03707	0.9705124596765462	51
400.22303	0.9705124596765462	51
133.05262	0.9705124596765462	51
291.21921	0.9705124596765462	51
386.22722	0.9705124596765462	51
150.06791	0.9705124596765462	51
222.1366	0.9705124596765462	51
275.12647	0.9705124596765462	51
296.19829	0.9705124596765462	51
376.2759	0.9705124596765462	51
148.07346	0.9705124596765462	51
183.05303	0.9705124596765462	51
207.12575	0.9705124596765462	51
520.07976	0.9705124596765462	51
388.10951	0.9705124596765462	51
165.05451	0.9705124596765462	51
438.16573	0.9705124596765462	51
105.07892	0.9705124596765462	51
289.18835	0.9705124596765462	51
293.13682	0.9705124596765462	51
344.20938	0.9705124596765462	51
300.09927	0.9705124596765462	51
347.17245	0.9705124596765462	51
177.07875	0.9705124596765462	51
166.09923	0.9705124596765462	51
209.06864	0.9705124596765462	51
318.10976	0.9705124596765462	51
164.13121	0.9705124596765462	51
235.15684	0.9705124596765462	51
320.23441	0.9705124596765462	51
266.16255	0.9705124596765462	51
217.13141	0.9705124596765462	51
242.10627	0.9705124596765462	51
202.12039	0.9705124596765462	51
250.12002	0.9705124596765462	51
314.09949	0.9705124596765462	51
248.14096	0.9705124596765462	51
368.15615	0.9705124596765462	51
253.16744	0.9705124596765462	51
328.14097	0.9705124596765462	51
254.2241	0.9705124596765462	51
618.48275	0.9705124596765462	51
327.09475	0.9705124596765462	51
325.17078	0.9705124596765462	51
340.23955	0.9705124596765462	51
500.23913	0.9705124596765462	51
244.14196	0.9705124596765462	51
638.43932	0.9705124596765462	51
315.1101	0.9705124596765462	51
448.2812	0.9705124596765462	51
264.11025	0.9705124596765462	51
100.03462	0.9705124596765462	51
321.17336	0.9705124596765462	51
113.03051	0.9705124596765462	51
145.07372	0.9705124596765462	51
492.34334	0.9705124596765462	51
805.55475	0.9705124596765462	51
210.06376	0.9705124596765462	51
214.12032	0.9705124596765462	51
254.05745	0.9705124596765462	51
207.05287	0.9705124596765462	51
468.32305	0.9705124596765462	51
356.29177	0.9705124596765462	51
163.09955	0.9705124596765462	51
124.03512	0.9705124596765462	51
200.1418	0.9705124596765462	51
562.3123	0.9705124596765462	51
488.34962	0.9705124596765462	51
592.32195	0.9705124596765462	51
390.17386	0.9705124596765462	51
215.09442	0.9705124596765464	49
486.29337	0.9705124596765464	49
211.08404	0.9705124596765464	49
82.0418	0.9705124596765464	49
139.02685	0.9705124596765464	49
158.03669	0.9705124596765464	49
318.18247	0.9705124596765464	49
417.25308	0.9705124596765464	49
424.37004	0.9705124596765464	49
264.1359	0.9705124596765464	49
268.07314	0.9705124596765464	49
408.17998	0.9705124596765464	49
138.03163	0.9705124596765464	49
494.33556	0.9705124596765464	49
275.11533	0.9705124596765464	49
251.05818	0.9705124596765464	49
206.07894	0.9705124596765464	49
232.15742	0.9705124596765464	49
70.05311	0.9705124596765464	49
292.17836	0.9705124596765464	49
561.35065	0.9705124596765464	49
578.14137	0.9705124596765464	49
552.36359	0.9705124596765464	49
449.27873	0.9705124596765464	49
286.09473	0.9705124596765464	49
282.19774	0.9705124596765464	49
301.13144	0.9705124596765464	49
439.25609	0.9705124596765464	49
445.22865	0.9705124596765464	49
312.15423	0.9705124596765464	49
309.19338	0.9705124596765464	49
398.28148	0.9705124596765464	49
342.20305	0.9705124596765464	49
148.08465	0.9705124596765464	49
282.16329	0.9705124596765464	49
181.11014	0.9705124596765464	49
192.07856	0.9705124596765464	49
324.16769	0.9705124596765464	49
244.17817	0.9705124596765464	49
249.17248	0.9705124596765464	49
185.0799	0.9705124596765464	49
236.0793	0.9705124596765464	49
346.21348	0.9705124596765464	49
173.10508	0.9705124596765464	49
215.15196	0.9705124596765464	49
286.16755	0.9705124596765464	49
312.11034	0.9705124596765464	49
331.14134	0.9705124596765464	49
281.16243	0.9705124596765464	49
318.14586	0.9705124596765464	49
160.09235	0.9705124596765464	49
290.22382	0.9705124596765464	49
164.04701	0.9705124596765464	49
188.15233	0.9705124596765464	49
252.24471	0.9705124596765464	49
127.06314	0.9705124596765464	49
233.11611	0.9705124596765464	49
206.05776	0.9705124596765464	49
161.04747	0.9705124596765464	49
169.11015	1	50
103.04182	1	50
364.16831	1	50
152.04716	1	50
418.3076	1	50
406.22104	1	50
177.04247	1	50
306.19352	1	50
115.04049	1	50
195.1622	1	50
348.17291	1	50
299.24544	1	50
100.08874	1	50
358.14086	1	50
699.48049	1	50
407.30216	1	50
281.0894	1	50
371.30269	1	50
502.20065	1	50
288.03103	1	50
235.08391	1	50
491.28786	1	50
246.17271	1	50
437.20058	1	50
136.05234	1	50
186.06798	1	50
365.16834	1	50
422.17196	1	50
162.07942	1	50
241.13106	1	50
290.2206	1	50
270.16154	1	50
405.13736	1	50
500.15998	1	50
419.30306	1	50
254.12631	1	50
337.13075	1	50
360.20391	1	50
373.28195	1	50
888.71932	1	50
292.15116	1	50
190.07401	1	50
309.14387	1	50
183.11192	1	50
321.17951	1	50
396.17079	1	50
329.10403	1	50
229.13103	1	50
211.11994	1	50
276.13578	1	50
270.18431	1	50
182.09412	1	50
326.2449	1	50
292.12809	1	50
354.27601	1	50
86.01893	1	50
414.31279	1	50
103.04548	1	50
166.02652	1	50
650.5086	1	50
128.05849	1	50
174.13673	1	50
143.07344	1	50
124.06357	1	50
203.13076	1	50
256.07313	1	50
346.28633	1	50
144.08962	1	50
250.08386	1	50
159.10075	1	50
236.15214	1	50
310.17671	1	50
264.13579	1	50
257.17737	1	50
223.10531	1	50
