	HA6.28	HA4.28	CR1.28	CR9.28	CR3.28	HA10.28	CR7.28	CR4.28	HA7.28	HA1.28	HA3.28	CR8.28	CR6.28	HA5.28	HA9.28	CR2.28
306528	2	1.25	0	0	0.75	1	0	0	0.75	0.5	3.75	0.5	0	3	0	0
3957916	2	8	3	10	21	2	0	14	24	14	2.5	19.5	1.5	7.5	0	0
183857	0	4	61	37	39	8	8	5	5	0	0	5	18	0	15	54
4465907	141	737	6358	33764	13204	3884	7831	1855	1163	79	104	8320	1943	30	4720	3927
413695	0	0.666666666666667	0	0	0	0	0	0	0.666666666666667	0	4.33333333333333	0	0	0	0	0
349036	1.33333333333333	0	0	0	0	0	0	0	1.66666666666667	0	1.33333333333333	0	0	0	0	0
181348	13.6666666666667	5	0	0	2.33333333333333	4.66666666666667	5.66666666666667	0.666666666666667	2.33333333333333	0	4	0.666666666666667	0	2.66666666666667	7	2.33333333333333
1111328	7.5	0	0	0	0.5	0	0	0	0	7	8	0.5	0	3.75	0	0
42839	650	64	37	4	10	5	4	56	47	5	2	190	18	719	21	15
1053321	0.5	0	0	0	0	0	0	0	0	26.25	0.75	0.5	0	0	0	0
4480529	0	0	134	3	0	0	3	0	2	2	0	0	0	0	0	203
4442508	0.5	0	0	0	0	1	1.5	0	2	0.75	0	0	22	0.5	7	0
4465124	7.25	19	0.5	0	63	1	1	169.25	12.75	48.25	22.25	3	1	34.5	0	679
4421276	0.833333333333333	0.333333333333333	0	0	0	0	0	0	0	1.33333333333333	0	0	0	0	0	0
4409730	148.5	89	3138.5	17.5	453.5	122	159	62.5	39	275.5	229.5	949.5	69.5	84	174.5	129
4379957	9	52	2	0	0	9	0	20	8	9	65	6	0	22	2	9
367879	0	0.75	0	0	0	0	0	0.5	0	5.75	0	0	0	0	0	0
3931537	203.75	25.5	0	0.5	39.5	0.5	0	61.75	26	37.25	140.25	6	0	107.75	0	27.5
828435	1.66666666666667	9.33333333333333	0	0	1.33333333333333	0	0	0.666666666666667	0	36.3333333333333	1.33333333333333	0	0	2	0	0
404292	3	0	0	0	4	0	0	0	101	48	0	19	0	0	0	6
190676	2.5	5	0	0.5	0	1.5	0.5	0.75	12	10.25	6	1.25	0	2.5	0.5	0
1109297	31	64	0	0	0	2	0	0	64	7	7	5	0	6	0	3
4374302	6	34	0	0	7	7	0	32	25	8	20	0	3	7	3	7
147195	6.33333333333333	4	0	0	0.666666666666667	0	0	0	1.33333333333333	5	9.33333333333333	1.33333333333333	0	1.33333333333333	0	2.33333333333333
416286	4	0	0	0	5	0	0	2	47	9	12	10	0	0	0	0
4453316	0	0	0	0	6	0	2	2	0	3	0	2	0	0	0	12
4453318	0	0	0	0	4	0	0	0	0	9	0	0	0	0	0	15
411254	2	19	0	7	0	0	0	0	10	0	2	55	8	0	0	0
4439469	12.3333333333333	2.66666666666667	9	4.16666666666667	3.66666666666667	10.6666666666667	35.3333333333333	6.33333333333333	1.5	3.83333333333333	2.83333333333333	0	8.66666666666667	3.16666666666667	1.66666666666667	7
374557	2.33333333333333	3.33333333333333	1.66666666666667	10	24.3333333333333	152.666666666667	0	14.6666666666667	80	83.6666666666667	1.66666666666667	2.66666666666667	1	4	184.666666666667	1.66666666666667
4432234	5.75	32	0	0	0	0	0	0	1.75	3.75	14.25	3	0	7.25	0	0
390497	5.25	9.75	0	0	0.5	1	0	0	8.5	2.75	63.75	0	0	0	0.75	2.5
276260	0	0	0	5	0	0	2	0	11	0	0	0	5	9	2	2
712142	2.8	1.2	0	0	0	0	0	1.2	0	1.4	0.4	1	0	1.2	0	0
367176	0	0	0.5	0	0	7	10	0	0	0	0	0	7.75	0.5	9	5.5
1107586	40.6666666666667	19	0.666666666666667	3	3.33333333333333	0	0	2.33333333333333	36.6666666666667	70	37.3333333333333	6	1	14	0.666666666666667	3
1892252	2	0	0	0	4	0	2	0	0	7	0	2	0	0	0	6
322678	4	101.666666666667	0	1.33333333333333	0.666666666666667	0	0	37.3333333333333	18	24.3333333333333	265	0	0.666666666666667	37	1.33333333333333	2.66666666666667
743911	5	4	5	4	0	4	0	0	41	9	11	0	0	2	0	0
112931	1.75	0	0	0	0	0	0	0.5	0	0	1.5	0	0	0.75	0	0.5
1105326	6.33333333333333	0	0	0	1.33333333333333	0.666666666666667	0	0	0.666666666666667	24.3333333333333	8	0	0	4.66666666666667	0	0
4380191	6	60	0	2	0	175	2	0	5	0	13	5	174	0	82	0
295180	5	0	55	0	10	7	0	5	0	0	0	2	5	0	5	15
342571	5	0	0	0	0.666666666666667	0	0	2	0	0.666666666666667	1	0.666666666666667	0	8	0	0
4309760	4	11.25	0	0	28	0	0	27	1.25	16.25	2.75	0.75	0	151	0	64.5
271602	1.75	0	0	0.5	1	0	0	0	0	1.75	9.75	0	0	1	0	0
1569569	5.75	0.75	0	0	2	0	0	2.5	0.75	2.5	4.5	0.5	0	3	0	0
189387	1.25	1.25	0	0.5	2	1	0	4.75	30	5.25	9.5	4	0.5	0.75	2.75	2.5
277652	0	56	2.5	0	0	58.5	0	190	2	1.5	0	3	709	0	180.5	164.5
4457438	7	782	4	0	2	1845	5	6	9	27	89	35	1382	5	1410	5
162576	1.33333333333333	1	0	0	0	0	0	0	0	0	0	0	0	1.66666666666667	0	1.66666666666667
278928	0	0	0	0	3.5	0	0	2	0	18.5	0	0	0	0	0	0
10512	250.666666666667	42.3333333333333	2	4.66666666666667	2.33333333333333	90.3333333333333	28	1.33333333333333	132.666666666667	37.3333333333333	188.333333333333	2.66666666666667	14.3333333333333	114	56.3333333333333	9.33333333333333
174589	0	4	2	47	45	164	2	0	13	0	0	32	55	0	98	0
251854	2.5	0	0	0	2	0	0	15.5	0	5	1	8	1	0	1	1
419245	0	0	0	7.66666666666667	1.33333333333333	0	0	0	3.66666666666667	4.66666666666667	0	0	0	4	0	0
1108745	1	20.25	25	29.5	9.75	27.375	5.625	4.375	4.75	26.625	12.5	30.75	6.25	10.25	6.5	3.5
4435561	0	1.66666666666667	0	0	0	0	0	0.666666666666667	0	0	1.66666666666667	0	0	0	0	0.666666666666667
183162	0	0	9.5	0	0	8.25	0.5	0	0	1.5	0	0	0.75	0	2.5	0
194692	1.25	2	0	0	0	0.5	0.75	1	4.75	4.25	2.5	0	0.5	0.75	1.25	0
181419	0	1.33333333333333	0	0	0	0	0	0	0	1.66666666666667	3.33333333333333	0	0	0.666666666666667	0	0
275180	4.66666666666667	1.66666666666667	0	0	0	0	0	0	1.66666666666667	1	5	0	0	2.66666666666667	0	0.666666666666667
366195	0	0	0	4	2	0	0	0	0	0	3	0	0	3	0	0
231028	0	1.75	0	0	0	0	0	0.5	0	0.75	0	0	0	0	0	0
4420959	0	0	83	4	2	4	2	14	0	0	0	3	9	0	31	14
376862	9	1.25	4	1.25	0	0.75	4.25	1.25	0	13.75	0.75	19	1	1.25	3	0.75
172640	0	60	7	0	0	100	0	0	35	38	37	6	0	10	10	0
4338349	0	0	0	0	0	18.1666666666667	5	0.5	0	0	0	0	3.66666666666667	0	13.6666666666667	13
188920	0.5	1	0	0	0	0	0	0	0	0.5	0.5	0.75	0	1.75	0	3.25
114348	8.75	10.75	0	0	1.25	5.5	5.25	3.75	16.5	21	40	8.5	4	3.5	6.75	4.5
194504	4.66666666666667	0	0	0	0	0	0	0	0.666666666666667	1.33333333333333	3.66666666666667	0	0	0	0	0
273376	4.33333333333333	4.66666666666667	0	0	0	0	0	0	79.6666666666667	57	1	5.66666666666667	0	0	0	1
4469233	18.75	0.75	0	0	3	0	0	5.25	6	10.25	10.75	0	0	4.75	0	0
203737	1.5	0	0	0	0	0	0	0	0	0.75	1.75	0	0	0	0	0
183592	5	3.25	0	0	2.75	1.5	0	2.75	1.5	13.25	2.5	0	1	4.75	0.5	2.25
331156	1.25	0	0	0	0.75	0	0	0.5	0	1.75	0	0.5	0	1	0	1.25
827376	1.5	0	0	0	0	0	0	0	0	0	44	0	0	4.5	0	0
194225	43.3333333333333	4.66666666666667	19	5.33333333333333	2.33333333333333	8.33333333333333	0	2.66666666666667	9.33333333333333	49.3333333333333	16	1.33333333333333	3	9	6.66666666666667	0
405780	80	5	0	4	17	0	0	15	36	80	91	0	3	65	3	7
410242	2.5	1.25	0	0	0	0	0	7.75	2	0	3	0	0	1.25	0	8.75
42372	0	1.33333333333333	0	0.666666666666667	0.666666666666667	1	1	0	0	0.666666666666667	0	0	0.666666666666667	0	1	0
357305	144.333333333333	23.3333333333333	0	19	44	0	0	19.3333333333333	35	39	38	6.33333333333333	1	130	3.66666666666667	170.333333333333
173916	9.66666666666667	2	0	0	0	0	0	0	7.33333333333333	25.3333333333333	1.33333333333333	0	0	1.66666666666667	0	1
4403689	26.3333333333333	37	2.66666666666667	0	1.66666666666667	8	3.33333333333333	0.666666666666667	126.333333333333	17.6666666666667	20.6666666666667	16.3333333333333	14.3333333333333	12.6666666666667	5.33333333333333	8.66666666666667
321825	0	1.25	2.5	0	1	238.75	1	10.75	0	0.75	0	0	4.25	0	41.25	0.75
542934	0	0	0	0.666666666666667	10	0	0	8	1.66666666666667	1.66666666666667	1	9.66666666666667	0	2	0	3
164228	4.33333333333333	1.66666666666667	0	0	0	0	0	0	0	0	0	0	0	5.33333333333333	0	23.3333333333333
299830	24.5	60.75	27.5	6.75	411	85	4.5	1075	133	8.5	1.75	19.75	18.5	24	95.5	75
4435236	2	2	3	2	7	0	0	4	0	4	0	7	4	3	0	23
183362	2	4.5	0	0.5	1	0	0	0	5	0.5	7	0.75	0	1	0	0
245324	0	0	3	0	2	3	0	0	0	0	0	0	0	0	3	3
267042	4	8	0	0	0	0	0	0	0	5	12	0	2	11	0	0
3254234	3	0	0	0	6	0	0	2	0	5	0	0	0	3	2	20
4359984	0	3.33333333333333	0	0	42.6666666666667	0	0	0	15.3333333333333	382.333333333333	57.6666666666667	0	0	2	0	1
4468466	0	1.5	0	0	29.25	0	0.5	60.75	0	1	0.5	0	0	4.75	0	140.25
323619	99.5	226.25	112.5	40.5	201.75	36.75	7.75	750	352.5	10.75	6.25	26.25	51.25	41	44.25	89
175573	2	16.6666666666667	0	0	0	0	0	1.33333333333333	4.66666666666667	0	0.666666666666667	0	0	13	0	0.666666666666667
278550	18.6666666666667	67.3333333333333	7.66666666666667	20.3333333333333	8.33333333333333	190	2	6.66666666666667	9.33333333333333	75	202.666666666667	12.3333333333333	1.66666666666667	12.6666666666667	97.6666666666667	225.333333333333
4374084	0.8	1.8	15.4	0	2	4.6	0	0	4.4	1.6	0	0	1	0.4	0	12.4
269657	19	14.5	32.25	0	0	12.75	29.5	2.5	18.5	0	7.25	1	2.5	2.5	14	17.25
4435934	8.66666666666667	0.666666666666667	0	0	0	0	0	0	7.33333333333333	8	3	0	0	1	0	0
4357315	0.5	9.5	0	0	2	0	0.5	0.75	5	1.25	0.5	1	0	0	0	5.25
1111745	23.25	4	0	0	0	4.75	0.5	0	90.25	1.25	7	0	0.75	1.75	0.75	6.25
68845	0	0	22	149	61	19	35	8	3	0	0	44	12	0	20	12
68844	7.66666666666667	51.3333333333333	0	0	0	0	0	0	1.33333333333333	45.3333333333333	144	0.666666666666667	0	1.33333333333333	0	0
409947	7.25	4.5	0.5	0	6.75	0.75	0	2.5	27.5	43.75	60.75	55.25	0.75	4	0.75	5
4383135	50.3333333333333	230	0	0	0	0	0	0	1.66666666666667	0	3.33333333333333	0	1	8.33333333333333	0	0
185610	0	21	109.666666666667	166	9	2	111.666666666667	43.3333333333333	4.33333333333333	10.6666666666667	2	5.66666666666667	27	0	49.3333333333333	38.6666666666667
210073	0	0	0	0	0	0	0	0	0	0	1	0.5	0	1.25	0	0
326479	23	0	0	0	9	0	0	8	0	0	0	0	0	46	0	0
1077336	37	5.33333333333333	0	1	0.666666666666667	2.66666666666667	0	5.33333333333333	5.66666666666667	6	2.33333333333333	0	0	11.6666666666667	4	0
4459184	131.333333333333	60.6666666666667	0	1	2.33333333333333	0	0	1	51	1.33333333333333	2.66666666666667	5.33333333333333	0	147.333333333333	1	1
197600	49.5	25.5	0	0	1.25	2	0	0	32.75	23	77.5	7.5	0	5.25	0	2.25
164242	0	2	0	0	0	0	0	0	3	1.5	3.5	0	0	1	0.5	0
4446120	22.75	78.5	0	0	1	0	0	0.75	79.75	53	87.5	35.5	0	31	0	6.25
359984	6.4	0	20	0	0	12.4	0	2.2	0	1	0	0	10.2	3.2	5.8	15.8
28914	0	42	0	0	0	96	0	0	0	0	3	3	32	0	62	0
3325760	124.666666666667	19.6666666666667	8.66666666666667	47.3333333333333	1	14.6666666666667	3	23	24.6666666666667	8.33333333333333	146	2.33333333333333	4.66666666666667	17.6666666666667	22.6666666666667	38
169234	2	2.33333333333333	0	0	0	0	0	0	3	3	9	0	0	2	0	0
193446	0	0	0	0	4	0	0	38	0	0	0	0	0	0	0	15.6666666666667
231169	10.75	2	0	0	0	0.75	0	0	5.75	3.5	11.5	1	0	1.5	0.5	0
1991255	1	0	0	0.5	0	0	0	0	0.75	0.75	1.5	0	0	0.75	0	0.5
4414242	26.25	31.75	39.5	30.5	4.75	6.75	22.25	0	57.5	19.5	35	5.5	16.75	10.25	17	13.5
113069	34.3333333333333	9.33333333333333	0	6.33333333333333	18.6666666666667	0	0	8.33333333333333	6.33333333333333	12.6666666666667	9.33333333333333	2.66666666666667	0	48	1	52.3333333333333
376397	2.5	7.83333333333333	0.333333333333333	0	0.5	0.666666666666667	0	2.5	5.5	10.8333333333333	16.1666666666667	0	0.333333333333333	4.5	0.5	7
175551	9	11	7	139	91	50	8	2	79	4	8	18	46	0	33	5
194097	11.5	12.25	0	0	4	5.5	0	8	3.75	25.75	7.25	0	2.5	19	0	4.75
185405	1.33333333333333	11	0	0	0	0	1.33333333333333	0	13.3333333333333	3.33333333333333	2.66666666666667	5.66666666666667	0	0.666666666666667	0	0
173892	4	1.75	2.5	0	0	1.75	0.5	0	2.75	2.5	0.75	0.75	1.5	0.75	1	0.75
301765	130	9	0	0	3	0	0	0	0	13	212	0	0	136	0	8
197291	41.3333333333333	4.33333333333333	3	37	4	30	0	41.6666666666667	23.3333333333333	13	3	14.3333333333333	0	5.66666666666667	24.3333333333333	2
278758	0	0	0	0	0	0	0	0	0.75	4.75	5	0	0	2.75	0	0
172859	25.6666666666667	16.3333333333333	0	0	1.66666666666667	0	0	1	12.6666666666667	6.33333333333333	18	3.33333333333333	0	9.33333333333333	0	1
4483585	1.33333333333333	0	0	0	2	0	0	0	3.66666666666667	0	0.666666666666667	0	0	2.66666666666667	0	1.33333333333333
610842	0.75	0	0	0	0	0.75	0	0	0.75	0.5	1.25	0	0	1	0	0
743923	0.75	23	0	0	0.5	0	0	0	7.5	0	1.25	0	0	0.75	0	0
323135	20.5	0	0	0	57	0	0	15	194	78.5	11	1	0	12	0	19.5
4449236	92.5	37.75	58.5	208.5	468.75	281.5	62.25	204.75	41	205	22.75	286.75	91.25	68.25	178.25	112.75
4440360	50.5	39.75	0	0	0	0	0	0.75	1.5	19.75	119	0.75	0	2	0	0
4431803	7.5	2.5	4.5	0	27.5	0	7.5	2.5	1	21.5	0	5	0	0	0	61.5
176298	1.33333333333333	4	20	1	2.33333333333333	2	0.666666666666667	0	343.333333333333	2	1.66666666666667	154	0	0	0	65.6666666666667
4446320	3.25	1.5	10.25	0	10	0.5	0	5.5	0.5	16.25	3.5	2.75	0	1	0	0
176836	113.5	220	0	0	9	3.5	2.75	13.5	429.25	31	341.75	29	8.25	64.5	3.25	83
4322275	0	0	0	0	1.25	0	0	0	0	1	21.25	0	0	2.5	0	0
264496	24.6666666666667	1.66666666666667	1	1.33333333333333	14	16	4	15	17	8	8.66666666666667	6.33333333333333	16.3333333333333	14.3333333333333	17.3333333333333	1.66666666666667
1105615	0.4	5.4	7.4	0	0	0	0	9	0	2.6	5	1.4	1.8	0	0.4	1
173245	5.75	0	0	0	4.75	0	0	2.75	0.5	4.5	1.75	0	0	4.5	0	0.5
4465472	0	0	26.5	0	0.75	316.75	106.75	0	0.75	0	0	0	0	0	6.75	0
4479612	4.5	0	0	3	0	0	1.5	0	8.5	0	0	129.5	0	33	1.5	0
634449	55	20	8	12	5	41	23	5	7	22	42	37	3	33	23	14
337167	98.75	41	0	0	0	0	0	32	0	29.25	7.25	35.25	0	70.5	0	0.75
1109860	21	56	0	0	0	2	0	3	9	5	26	5	0	35	0	4
2120775	15	45	0	0	1.66666666666667	0	0	1	21.3333333333333	2	2	0	0	37	2.66666666666667	0
163142	59	12	7.33333333333333	9	0.666666666666667	2.33333333333333	0	2	11	2	9	0	5	7.33333333333333	8.66666666666667	3.33333333333333
376516	3.33333333333333	0	0	0	0.666666666666667	0	0	0	8.33333333333333	1.66666666666667	0.666666666666667	2	0	0	0	0.666666666666667
174667	9	74	0	0	0	0	0	0	59	6	4	59	0	7	0	2
1108422	0	1	0	0	2	4	0.666666666666667	1	2	0	0.666666666666667	1.66666666666667	0	3.33333333333333	2	0
2901239	3	26	0	0	0	0	0	3	40	61	14	0	0	3	4	29
798581	303	30	12	27	3	6	0	122	36	4	45	102	3	418	12	5
4452400	5	2.25	1.25	0.5	1.5	5	2	6.75	5.5	0.5	2.25	3.5	0	3	0.75	7
375892	36.6666666666667	2	0	0	0	0	0	0	0.666666666666667	0	4.33333333333333	0	0	0	0	0
160750	0	0	4.33333333333333	1	1.66666666666667	2.33333333333333	0	1.33333333333333	3	0.666666666666667	0	0.666666666666667	0	0.666666666666667	2.33333333333333	1
185222	37.75	11.25	0	7.75	3.5	22.75	5.5	9	15.25	12	16.5	18.75	2.25	21.25	14.75	4.25
450755	3	0	0	0	0	0	0	0	2	17.3333333333333	2.66666666666667	0	0	0.666666666666667	0	0
328458	4.75	2.5	6.75	58	2.5	2.5	18.75	1	6	23	0.5	1.25	2	1.5	1.25	9.5
199491	0	0.333333333333333	1.5	0	4.5	0	0.5	4.16666666666667	0	0	0	0.333333333333333	11.8333333333333	4	0	40.6666666666667
292634	23	54.75	31.75	5	634	148.75	5.75	1710.25	195	8.25	1.5	20.75	22.75	28.5	149.25	104.25
4423384	4	0	115	21	19	7	112	6	2	6	0	2	69	0	35	604
187962	4.25	2.5	1.25	2	0.75	1.25	0	0.75	0	6	1.25	5.75	0	14	1	0.75
3998909	92	688.333333333333	3.33333333333333	2.66666666666667	5.66666666666667	16.3333333333333	1.33333333333333	58.6666666666667	20	80.6666666666667	340	2	2.66666666666667	594	13.6666666666667	3.33333333333333
4439489	1	1.33333333333333	0	0	0	0	0	0	1.33333333333333	1.66666666666667	4	1.33333333333333	0	0	0	0
267286	0	2	0	0	0	0	0	0	1	0	0	0	0	1.33333333333333	0	0
1107461	12.3333333333333	58.6666666666667	0	0.666666666666667	0	4.66666666666667	0	0	12.3333333333333	1	5.33333333333333	5.66666666666667	1	3.66666666666667	20	0.666666666666667
4453773	0	0	151	0	0.666666666666667	0	0	0	0	5	0	0	0	0	0	101.666666666667
177022	20.6666666666667	1.33333333333333	0	4	0.666666666666667	12.6666666666667	1	0.666666666666667	21.3333333333333	0.666666666666667	1.66666666666667	1	1	1	8	0.666666666666667
444271	0.25	0.25	0	0	1.125	0.375	0	0.625	0.5	0	1.375	0	0	0.5	0	0
179549	11	56	712	2258	1170	298	514	134	124	6	7	690	245	3	381	454
176312	0	0	19.3333333333333	98.6666666666667	50.3333333333333	3.33333333333333	14.3333333333333	7	2.66666666666667	0	0	48.6666666666667	7	0	11.3333333333333	208.666666666667
4394350	1	1.33333333333333	0	0	0	0	0	1	30.3333333333333	5	20.3333333333333	1.66666666666667	0	3.66666666666667	0.666666666666667	0
4468234	2	6	8.8	0	7	36.4	0	4.2	2.4	13.4	11.4	0	6	0	4.6	20.8
4466275	0	1	2.5	4.5	1.5	0	10.5	2.5	3	12.5	2	3.5	0	0	1	0
227819	9	2.33333333333333	20.3333333333333	15	25.6666666666667	4.33333333333333	41	4.33333333333333	5.33333333333333	217	13	39.6666666666667	4.66666666666667	8.33333333333333	19.3333333333333	18
4379449	0.666666666666667	1.66666666666667	5.66666666666667	0	0	8	0	0	2.33333333333333	14.3333333333333	3	0	0	0	5.33333333333333	0
835154	5.66666666666667	7.33333333333333	0	0	0.666666666666667	0	0	0	2.66666666666667	3	5	1	0	4.66666666666667	0	0
105109	0	0	0	0	14.25	0	0	8.5	0	0.5	1	0	0	1	0	5
199067	63.6666666666667	13.6666666666667	0	2.33333333333333	1.66666666666667	4	0	1.33333333333333	27.3333333333333	37	102	5.66666666666667	2	8.66666666666667	3	6
305177	0.75	0	0	0	0	0	0	0	16.75	1.75	1	1	0	0.75	0	0
708285	1	0.5	0	0	0	1.25	0	1	1.25	0.75	1	1	0	2.5	0	0.5
167034	0.5	1.5	0	0	0	1.75	0.75	1	1.75	2.5	1.75	1	1	2.25	3	0.75
162005	5	1.75	0.5	0	5.25	2.5	1.25	3.75	6	29	33.75	2	1	6.25	2.5	2
290877	0.5	3.5	0	0	9	0	0	28.5	1.5	8.25	2	0.5	0	4.25	0	9.75
4449633	5	5	3	2	0	3	0	6	34	3	12	0	23	0	6	8
4370024	2.5	2.25	0.75	0.75	0	0.5	0	0	47.75	33.25	0.5	5	0	1.25	0	0.75
4468391	31	0	0	0	0	2	0	200	0	0	129	6	0	28	2	2
4429536	2	0	0	14	73	0	0	16	0	0	0	0	0	0	0	52
4360217	0	1	0	0.666666666666667	2.33333333333333	6	0	2	6.66666666666667	2.33333333333333	0.666666666666667	0	0	2	9.33333333333333	1.33333333333333
305214	0	0	0	0	0	0	0	26.75	0	7.5	2	3	0	0	0	0
782984	1.5	3.5	1	0	169.5	0	0	116.5	0.75	7.75	1.75	0	0	32.25	0	266.5
686211	1	0	0	0	22	0	0	5.5	28	11	2	6.5	0	26	0	0
230933	191	51.5	0	0	4.5	0	0	22	75.5	50.5	95.5	0	14.5	24	30.5	24
1100972	0.8	0	0	0	0	0	0	0	0	1.2	0	0	0	0	0	1.6
4299396	24.5	2.5	0	0	4.75	0	0	3.5	3.5	61.75	14.25	0.75	0	17.25	0	2.25
326231	2.5	0	0	1	0	0	0	0	1	0	0	81	0	1	1	0
187535	1.33333333333333	2.33333333333333	0	0.666666666666667	0	0	0	1.33333333333333	6.66666666666667	0.666666666666667	0	0	0	5.66666666666667	0	0
1109178	204	17	0	7	0	0	0	0	22	3	153	0	0	7	0	2
134762	0	0	0.666666666666667	0	0	0	0	0	0	0.666666666666667	0	0	0	0	0	2.33333333333333
621700	7.5	0	0	0	1	0	0	0	1	0	4	0.5	0	2.5	0	0
346570	0	1	1.66666666666667	0	1	0	0	0	57	0.666666666666667	0	23.3333333333333	0	0	0	9
169845	30	62.6666666666667	30.3333333333333	4	0	15	4	7	59.6666666666667	16	26	2	32	46.6666666666667	26.6666666666667	6
183533	0	0	0.666666666666667	0	0	0	0	0.333333333333333	59.1666666666667	0	11.5	0.5	0	0	0	0
167509	2.5	7	0	0	1	0	0	1	15.25	6.25	2.25	0.75	0	0	0	2
4416434	0	0.666666666666667	0	0	0	0	0	0	0	1.66666666666667	3.33333333333333	0	0	0	0	0
228140	26	8.5	0	0.25	8.75	3.75	10.375	8.25	13.75	26.25	37.375	16.125	2.375	33.75	9.75	26.375
993934	71	42.25	0	0	78	0	0	60.25	50.25	12.5	65.75	11	43.75	10.75	0	13.75
318445	528	9	0	0	0	2	0	0	0	0	2	0	0	3	12	0
229455	35	13	0	0	0	0	0	0	12	6	3	2	0	6	0	3
178480	10	4	0	0	0	0	0	0	2	4	9	0	2	26	0	7
95995	0	1	0	0	5	0	0	0	2.5	6	2	6.5	0	1	0	1.5
4454025	15.3333333333333	1.66666666666667	53	27	0	30	4.33333333333333	0	2.66666666666667	2.33333333333333	0	0.666666666666667	1	0	7.33333333333333	0
392918	149	5.66666666666667	0	0	36	1	0	57.3333333333333	24	10	25	7.33333333333333	0	165	0	0
177068	5.33333333333333	3	1.33333333333333	0	0	0	0	0	5.66666666666667	0	0	1	0	2.33333333333333	0	1.66666666666667
262656	15.6666666666667	0.666666666666667	0	0	0	0	0	0	0	0	1.66666666666667	0	0	0.666666666666667	0.666666666666667	0
194014	0	0	0	1.5	4	13.8333333333333	0	2.16666666666667	8	8.5	0	0	0	1.16666666666667	23.3333333333333	0
95570	6	20	0	103	2	9	0	150	23	0	498	5	0	3	80	5
97263	6.8	2.6	5.8	0	6.8	4.8	0	9.8	5.6	1.4	6	0.6	4.6	8.4	1.6	4.2
203700	103	20	0.666666666666667	2	0	20.3333333333333	0	0	2.66666666666667	17	64.3333333333333	0.666666666666667	1.66666666666667	4.33333333333333	12	2.33333333333333
4403349	1.25	11	0	0	2.25	0	4.5	1	11	2.75	1.5	1	0.75	1.25	0	4.5
179059	11.6666666666667	12	0	0.666666666666667	1	0	0	1.33333333333333	16.6666666666667	6.33333333333333	11.6666666666667	5.66666666666667	0.666666666666667	10.3333333333333	0.666666666666667	3
258725	0	8.25	0	0	0	0	0	0	0	28	81.25	0	0	2.25	0	0.5
132784	1.6	0.4	4.6	0.4	0.4	0.4	7.6	0	1	4.2	1	2.8	1.4	0.8	1	1.4
185240	0	0	17	66	18	3	11	2	0	0	0	14	5	0	10	8
16649	0	0	0	0	0	0	0	0	22.5	2	192	0	0	1	0	0
276115	0.666666666666667	1.66666666666667	0	0	0	0	0	0	0.666666666666667	0	0	0	0	0	0	0
4464065	10.6666666666667	3	0	0	3	22	2	0	4.33333333333333	1.33333333333333	14.6666666666667	1.66666666666667	1.33333333333333	3.33333333333333	2.66666666666667	2
165927	9.66666666666667	1.66666666666667	2.33333333333333	11.3333333333333	50.6666666666667	9.33333333333333	0	20.3333333333333	2	44.3333333333333	0	0.666666666666667	1	28	5	32
4326861	1.25	0	0	0.5	3.5	0	0	9.5	0	0	0	0.75	1.5	0	0	17
277729	6	15.3333333333333	1	0	3.33333333333333	8.66666666666667	0	11.6666666666667	18.3333333333333	4	3.33333333333333	0	15.3333333333333	5.66666666666667	1.33333333333333	11.6666666666667
4326869	0	0	53	22	6	11	28	0	9	14	0	10	17	0	9	0
167078	3	5	0	1.33333333333333	2	1	0	0	38	7.66666666666667	1	0	0	2	0.666666666666667	1.66666666666667
4327882	9.4	30.8	0.6	0	61.6	0	0	19.4	0	0	0	0	10.4	8.4	0	5.8
179265	0	4	0	0	0	0	0	0	1.33333333333333	0	0	0	0	3.66666666666667	0	0
4407278	0	2	32	6	19	0	0	4	0	0	0	11	0	0	0	49
4122608	1	2.5	0	0.5	10	0	0	26.25	2.5	3.75	3.75	1	0	8.5	0	142
4481359	39	21.75	0	0.5	2.25	1.5	0	1.25	23.5	11.25	59.25	3.25	0	3.75	0.75	1.5
96194	30.3333333333333	11.3333333333333	2.33333333333333	8.66666666666667	0	17	0	26.6666666666667	12	8.33333333333333	3	3.66666666666667	0	6	10	14.3333333333333
185036	1.33333333333333	3.66666666666667	0.666666666666667	4	1	6.66666666666667	7	4.33333333333333	1.33333333333333	2	2.33333333333333	0	0	8	2.66666666666667	3
262673	4	9	5	8	10.6666666666667	5.33333333333333	24	5.66666666666667	4.66666666666667	10.3333333333333	5.66666666666667	40.3333333333333	2.33333333333333	6	3	1.33333333333333
98048	0	7.5	0	0	0	0	0	0	9.75	4.25	0	0	0	0.75	0	0
177042	0	1	0	0	4	0.666666666666667	0	0	0	0	0	1.33333333333333	47.6666666666667	1	0	3
177731	0.333333333333333	3	0	0.5	3.16666666666667	2.16666666666667	0	6.66666666666667	1	10	2.83333333333333	1.16666666666667	1.16666666666667	3.5	2	3.33333333333333
409686	131	34	557	7	189	83	87	124	45	214	55	157	25	74	45	195
4462739	2	0	2	119	2	8	35	2	0	0	0	66	28	0	18	17
4455308	0	0	8.33333333333333	0.666666666666667	6	51.3333333333333	10	13.6666666666667	0	0	4.33333333333333	1.66666666666667	0	0.666666666666667	1.33333333333333	0
4415390	0.666666666666667	2.33333333333333	0	0	0	0	1	0.666666666666667	1.33333333333333	12	4.66666666666667	0	2.66666666666667	0	1	0
1106892	17	1	0	0	0	0	0	0	1	0	0	0	0	0	0	0
1107945	65.2	22.6	57.4	0	1.6	3.8	0	0	6.8	3.8	3.8	0	4.8	2.2	0	5.6
164664	8.33333333333333	33.3333333333333	0.833333333333333	0.666666666666667	3	7.66666666666667	0.666666666666667	1.5	11.5	17.5	27	7	0	58	21.8333333333333	1.33333333333333
4412542	16	610.75	420.25	125	5	405.75	739.5	3	192.25	2.75	7.5	1093.25	775.75	241.25	374.75	6.75
178387	40.75	508	1444	114	7.25	355.75	887.75	3	598.75	8.25	21.75	903.5	2492.5	214.25	1489.75	9.75
164788	32.3333333333333	3	0	0	0	0	0	0	1.33333333333333	0	0	0	0	2	0	0
137043	10.25	9	1.5	4.5	2	6.75	0.75	1.75	1.5	28.25	4.5	42	0.75	7.5	1	0.75
196697	19.3333333333333	2.66666666666667	0.666666666666667	3	1	9	0	29.3333333333333	6.66666666666667	6.66666666666667	2	2	0	2.66666666666667	7	0
375106	20.25	9.5	0	0	6.5	2.25	0	7.25	9.25	31	27.75	1.75	0	15.75	0.75	3.75
171079	88	46	0	9	0	9	0	4	25	43	77	2	12	15	16	13
825939	1	0	0	0	4.75	0	0	0	0	1	5.75	0	0	1.25	0	0
182712	0.666666666666667	2.33333333333333	0	0	0	0	0	0	0	0	0	0	0	0.666666666666667	0	0
4417539	8	33	0	0	5	0	0	0	72	36	20	0	0	32	0	0
172329	2.5	7.83333333333333	0	0	0.833333333333333	0.333333333333333	0	1.16666666666667	5.83333333333333	3.5	3.83333333333333	1	0.5	0.833333333333333	0.5	0
287608	11	2	0	0	4	0	0	0	0	0	0	7	0	23	0	0
320603	0.5	0.75	0	0	21.25	0	0	9	0	0	1.25	0	0	6.25	0	95
1110064	428.333333333333	40	40	1.66666666666667	255	20	0	212.666666666667	128.666666666667	388.666666666667	231.666666666667	362	14.3333333333333	67.3333333333333	21.6666666666667	40.3333333333333
4356307	0	0	2	1.25	0	15.25	52	0	0.75	0	0	0	25.5	0	39.5	22.75
185836	0	0	27	55	8	7	16	2	2	0	0	15	11	0	5	16
180825	1.25	15.25	41.75	2	0	5	31.25	0	19.75	0.5	0.75	32	82.25	5	32.25	0
50208	0.666666666666667	0	0	12.3333333333333	0	0	0	0	18	0	17	14.6666666666667	0	0	0	5.66666666666667
193680	12	9	0	0	7	0	0	0	2	8	0	0	0	2	0	0
1107175	57	33	0	43.3333333333333	4.66666666666667	5.66666666666667	0	0.666666666666667	26	27	4	6	2	82.6666666666667	15	1
4450010	5	15	2	4	4	19	0	5	9	0	18	2	8	0	11	0
4441357	0	0	0	0	1	0	1	0	0.666666666666667	1.66666666666667	0	0	0	0	3.66666666666667	5.66666666666667
439880	2	2.5	0	0	1.5	2	1.5	0	1	5.75	0.75	0	0	1.75	0	1.25
164811	9	7	0	0	0	0	0	0	13	0	0	0	0	12	24	0
423830	54.3333333333333	5	4	2.33333333333333	0	16	0	0	2.66666666666667	10.3333333333333	59.3333333333333	0	1.66666666666667	0.666666666666667	3.66666666666667	3.66666666666667
279340	12.3333333333333	3.66666666666667	0	0	0	0	0	0	0.666666666666667	18	7.33333333333333	0	0	12.6666666666667	0	0
4447176	19	9	1.33333333333333	1.66666666666667	1	8.33333333333333	3	0	35	37.6666666666667	23.3333333333333	4.33333333333333	0.666666666666667	5	4	0
521704	7	46.8333333333333	134.166666666667	0.833333333333333	42.8333333333333	74.3333333333333	0	26.1666666666667	107.166666666667	0.5	5.66666666666667	0.833333333333333	48.5	4.5	29	10.5
175377	4.25	1	0	0	0.5	1.25	0	0	1	4.75	1.25	0	0	0	0	0.5
175375	4.33333333333333	3.66666666666667	5	0	17	5.33333333333333	0	4.66666666666667	6	4.66666666666667	41.6666666666667	0	1.66666666666667	3	2.33333333333333	1
146564	0	0	0	0	8.5	0	0	2.75	0	0	0	0	0	3.75	0	3.75
291823	3	0	0	0	7	0	0	0	5	7	0	20	0	9	0	75
805672	6.75	4.75	0	0	0.5	2.5	0	2.25	12.5	11.25	5.5	0.5	1.25	5	1.25	2.75
4296701	3	3.5	0	0	0.5	0.5	0	0	3.5	9.75	4.5	1.25	0	2.25	0.5	0
169428	6.33333333333333	30.6666666666667	0.666666666666667	0.333333333333333	3	6.66666666666667	0.333333333333333	1.83333333333333	6.33333333333333	15	16.6666666666667	7.83333333333333	0.5	45.6666666666667	16.1666666666667	0
189057	0.75	4.5	0	0	0.5	0	0	0.5	12.5	0	21	2.5	0	0	0	1.25
4474380	12	34	49	119	1449	21	50	9120	22	18	17	73	67	9	22	4805
1111512	525.666666666667	36.6666666666667	0	0	0.666666666666667	2	0	0.666666666666667	18.3333333333333	13.3333333333333	19	0	0	297	1.33333333333333	2.33333333333333
258099	5.2	0.6	14.4	0.6	1	3.8	13.6	4.4	0.4	4.4	0.8	3.6	0	1.8	1	3
4398028	4	0	10.6	0	0	6.8	0	0.4	0	0.6	0	0	6.4	1	2	8.8
4396297	0	0	0	3	7.33333333333333	0	0	34.3333333333333	0	1.33333333333333	0	0.666666666666667	16.3333333333333	4	0	2.66666666666667
4295618	1	42.5	20.5	4.5	0	20.25	56.75	0	19.25	0	0.75	89	80.25	20.5	8.5	0
2119695	4	0	0	0	20	6	15	2	23	7	0	20	4	5	0	120
1111350	3.5	0	0	0	2	0	0	0.5	0.5	4.25	0.75	0.5	0	1.25	0	0
4481427	404	4534	171	69	108	6904	22	633	467	797	2677	373	2434	677	3462	642
272905	30	43.3333333333333	0	1	0	0	0	1.33333333333333	15.6666666666667	10.6666666666667	3.66666666666667	25.6666666666667	4.66666666666667	41.6666666666667	1.33333333333333	5.66666666666667
273504	3	0	0	0	0	0	0	0	1	0	1	0	0	0	0	0
1986406	10.5	6	0	0	12.5	7.5	106.5	25	31	1.5	1	32.5	14.5	8	19.5	51
165046	0	0	1.25	0	0.5	2.5	1.75	0	1.75	0	0.75	0.75	3.75	0	0	1.25
4478125	0	0	0	0	0.5	0	0.75	0.5	0	21.75	0	0	0	0	0	0
4410988	0	0.75	0	0	0	0	0	0.5	2.75	7.75	6.25	0.5	0	3	0	0
166535	0	0	0	0	0	1	0	0.666666666666667	1.66666666666667	3.66666666666667	1.33333333333333	0	0.666666666666667	0	0	0
336375	3	23	787	334	479	53	98	92	75	4	5	130	257	0	186	505
4471526	0	15	0	2	0	21	0	0	8	0	28	0	39	9	18	0
1109249	14.8	0.4	0	0	217.6	0	0	1.2	0.4	0	0	1	0	0	0	1
4251079	2	0	0	0	5	0	0	0	0	0	0	0	0	0	0	8
1129180	0.75	1	0.75	0	0	0	0	0	1.25	1	2.25	0.75	0	0	0	1.5
168541	3	0.5	0	0	0	0	0	0	26	6.5	4.25	1	0	2.75	0	0
300963	0	0	0	0	13.6666666666667	0	0	64.6666666666667	0	0	10.3333333333333	0	0	0	0	0
175939	2	11.25	0	0	1	0	0	1	18.25	6.5	31	4.75	0	0.75	0	1
279115	22	18.6666666666667	0	1	0.666666666666667	0	0	0	11.6666666666667	7.66666666666667	2.33333333333333	11	1.66666666666667	19	0	3
174516	1.5	6.25	107.25	3	75.75	0	79	16.5	5.5	7.75	2.25	110.25	0	11.25	0	2.5
4353913	3.25	0	0	0	1	0	0	0	0.5	0.5	0	0	0	0	0	0
383659	0	26.3333333333333	0	0	0	1.66666666666667	0	0	0	5.33333333333333	5.33333333333333	0.666666666666667	0	3	0	0
259699	4.66666666666667	3	0	0	0	5.33333333333333	2.66666666666667	0	5	7	8.33333333333333	1	4	4.33333333333333	5	2.33333333333333
4356342	338	34	0	9	2	0	0	0	146	116	347	48	2	61	4	2
4404461	3.5	20	0	0	1	0.5	0	0.5	9.75	10.5	35	31	0	14.75	0.5	1.25
36892	0	0.666666666666667	0	0	0	1	0	2.33333333333333	1	0	1.33333333333333	0	0	1	3	0.666666666666667
269532	2.5	1.5	0	0	0	0	0	1.75	1.5	0.75	3.5	0	0	2.25	0	0.75
1908049	0	1.25	0	0	1.25	0	0	4.75	0	1.5	0	0	0	0	0	17.5
4056429	0	14.25	0	0	7	0.5	0	12.25	2.25	37.25	55	0.5	0	0.5	0	1.5
827592	94	117	2	3	2	54	3	2	40	59	223	0	11	150	22	9
182033	0	3	0	0	0	1	0.5	1	2.5	1.25	4.75	0.75	1	1	1.25	0.5
793109	1	3.75	0	0	1	0	0	0.75	1	34.5	4	0	0	0	0	1.25
291055	13	57	68.25	44.75	36.25	20.75	29	113.75	23.75	5.25	2.25	7.75	126	4	39.5	47.25
2120784	0	2	2	2	0	41	0	0	2	11	6	70	0	2	6	8
337511	0	2.25	0	0	0	1	0	3	2	3.75	8	0.5	0	1	0	1.25
177574	41.6666666666667	4	1.66666666666667	9.66666666666667	1.33333333333333	25	0	37	17.6666666666667	7	5	3.66666666666667	0.666666666666667	3.66666666666667	16.3333333333333	4.33333333333333
377756	2	4.25	0	1.5	1.75	1.5	0	1.5	6	0	0	1.25	2.5	2.75	0	0.5
205613	6.33333333333333	4.66666666666667	0	0.666666666666667	0.666666666666667	1.33333333333333	0	0	6.66666666666667	5	7.33333333333333	1	0	2	0	0
95910	119	28	0	0	0	2	0	0	4	0	190	0	0	0	0	0
187207	0	9	46	252	82	32	55	12	3	0	0	75	14	0	32	23
4359832	11.5	0.5	0	0	0	0	0	0	0	0.5	14.5	0	0	4.75	0	0
187807	1	4	0	0	0	0	0	0	8.75	0.5	0	1.25	0	0.75	0.5	0.75
784256	23	6	0	0	3	6	0	2	34	12	17	2	5	12	8	2
260387	0	1	0	1.33333333333333	0	2.33333333333333	2	1.66666666666667	1.33333333333333	0	0	0	1	3.33333333333333	0.666666666666667	2
128300	0	0	6.5	0	1.25	0	0	2.5	0	16	0	0	0	0	0	0
2801994	6.4	3.4	37.8	13.6	2.4	6.2	57.8	3.6	6.8	31.2	11.8	54.8	5.4	4.6	7.2	12.4
608244	7	34	996	198	6	190	271	73	6	0	13	57	143	48	195	196
4296211	0	0	48	30	8	0	5	3	46	11	0	10	19	5	3	99
4296217	15	68	409	3514	258	391	785	37	138	8	13	766	114	4	442	251
4296216	28	0	0	774	590	0	0	179	0	38	20	1313	0	8	0	72
4296218	67.5	8	0	0.75	106.5	0.5	1.75	47.5	27.5	61	51	2.5	0.75	15.75	11.25	2
4459196	0	6.33333333333333	0	0	0.333333333333333	1.66666666666667	0	0	0	0	13.3333333333333	0	0	0	9	0
4366525	0	0	0	0	9	19	0	16	8	21	31	0	7	36	13	0
318760	0	0	3	0	104	0	0	818	0	0	0	0	2	0	0	404
4420417	69.6666666666667	33.3333333333333	5.66666666666667	8	8.33333333333333	36.3333333333333	5.33333333333333	3.33333333333333	130	67.6666666666667	72.6666666666667	8	8.66666666666667	17.3333333333333	28.6666666666667	12
181330	0	21	108	753	335	100	170	51	17	0	2	187	25	2	84	60
181335	0	2	43	231	25	31	55	3	7	0	0	67	17	0	34	30
3422630	1.5	33.5	28	13	12.5	23.5	0	11	0	26.5	1.5	0	18.5	0	42	58
2235671	0	3	0	30	81	0	0	24	0	0	0	0	0	0	0	80
259012	9	2.66666666666667	3.66666666666667	0	0	2.66666666666667	0	4.33333333333333	19.6666666666667	19.6666666666667	18	2.66666666666667	4.33333333333333	1.66666666666667	13.6666666666667	2
162660	16	0	0	67	0	0	0	2	0	0	0	6	0	14	0	0
4396877	0	0	28	0	0	4.33333333333333	0	0	0	0	0	0	0	0	1.66666666666667	0
182016	0	29.3333333333333	13.3333333333333	0	0	6.66666666666667	1.66666666666667	2.33333333333333	24.6666666666667	9.66666666666667	8.66666666666667	1.33333333333333	11.6666666666667	17.3333333333333	12	1
4480555	3	25.5	1	44	1	0	13	0	17	5	0	130.5	0	9	0	2.5
4480557	10.75	3.5	0.75	1.75	0	0	0	0	6.75	9.75	1.25	6.5	0	0.75	0	0.75
258995	3.25	10.5	0	0	0.75	0	0	1.5	12.75	1.75	14.75	3.75	0	2.5	0	2
434339	193	1	0	0	7	0	0	0	0	8	6.33333333333333	0	0	5	0	0
278675	2	2.33333333333333	1.33333333333333	6.33333333333333	12	1.66666666666667	0.666666666666667	4	1.33333333333333	1.33333333333333	0	3	3	1.66666666666667	1.33333333333333	3
2740950	0.333333333333333	7.5	18	0	81.3333333333333	0.666666666666667	10.1666666666667	57.1666666666667	1	1.66666666666667	1	27.5	244.833333333333	58.3333333333333	0.5	841.333333333333
279306	10.5	18	0	0	1.5	0	0	0	0	59.5	7.5	0	0	17	0	0
336627	6.5	2.5	0	0	11.5	15	35.5	11.5	1.5	0	0	2	1.5	13.5	2.5	2
4471279	1.5	3.5	1	0	17.5	0	1.5	3	0	8.5	0	1.5	0	0	0	9.5
228785	2.16666666666667	0	0	0	0	0	0	0	0	3.5	0.5	0	0	0	0	0
4421128	12	19	0	0	0	26	0	0	140	14	12	2	16	4	8	3
113111	2	2.5	0	0	3.5	1.25	2.5	1.75	1.25	3.25	0.5	0.75	0.5	0.5	4	1.25
175685	0	0	18	95	42	10	22	5	4	0	0	16	9	0	12	11
4295444	1.25	0	0	0	1	0	0	3	0	0.75	1	0	0	13	0	0
4403632	0	0	0	12	7.33333333333333	0	0	0	0	2.66666666666667	0	0	1	0	0	39.3333333333333
4310326	1.66666666666667	0	45	17.3333333333333	47	24.3333333333333	30	6.33333333333333	6.66666666666667	23.6666666666667	0.666666666666667	94.6666666666667	35.3333333333333	4.66666666666667	9	125.333333333333
265483	0.5	0	0	0	2.75	0	0	0.75	0	2	6.25	0	0	0.5	0	1.5
399606	1.66666666666667	1.33333333333333	0	1.33333333333333	0	1.66666666666667	0	3	1.66666666666667	0	0	0	0	0	1.33333333333333	1
342638	4.75	33	1.5	13.25	0	19.75	49.5	0	62.25	0	1.75	45.25	250.5	10	225.25	0.75
251289	0	0	0	0	0	0	0	0	1.25	0	1.75	0	0	1	0	0
91486	2	0	0	0.5	0.75	0	0	4.5	41.5	9.25	1.5	0	1.5	0.75	0	0.75
381694	20.5	2.5	0	0	10	0	0	2	0	6	14.75	1	0	12.5	0	0
337494	1	9.33333333333333	0	0	0	0	0	0	0	4.33333333333333	8	0	0	0	0	0
4319005	0	0	0	0	2.75	0	0	0	0	0.75	1.25	0	0	0	0	0
4447072	0.6	0.6	15.2	0	0	2.8	0	0	2.8	0.4	0.8	0	0.6	0	0	2.8
199336	0	1	4	0	10.6666666666667	0	1	7.33333333333333	0	0	0	5.66666666666667	38	9.33333333333333	0	138
3150250	1.66666666666667	12.3333333333333	0	0	0	0	0.666666666666667	0	33.3333333333333	1	2.33333333333333	5.66666666666667	0	3	0	0
804770	2.5	0	25	0	3	0	1	1	0	1.5	2	7	0	0	1	0
513021	1.66666666666667	10.6666666666667	0	35.3333333333333	3.66666666666667	2	3.66666666666667	3.33333333333333	3.66666666666667	5	6.33333333333333	25.6666666666667	0	7.66666666666667	3.33333333333333	6.66666666666667
264660	0	9.66666666666667	0	0	0	0	0	0	1	10.6666666666667	2.33333333333333	1.33333333333333	0	6	0	0
511564	0	0	1.66666666666667	0	1	1.33333333333333	0	0	0.666666666666667	2	1.33333333333333	1.33333333333333	0	0	0	0
268841	20	10	0	0	0	8	4	0	6	2	13	0	0	26	4	5
105813	0.75	0	0	1.25	0	0	0	0.5	0	0	1	0	0	1	0	0
298804	1.25	8.5	0	0	6.25	0	0	4	6	28	11	0	0	3.25	0	0
342844	1	5	0	0	0	0	0	0	2.66666666666667	2.33333333333333	3.66666666666667	2	0	1.33333333333333	0	0
180564	0	1	0	0	0	0	0	0	0	1	1	0	0	0	0	0
443853	9.66666666666667	1	0	0	0	0	0	0	1.33333333333333	3	4.66666666666667	0	0	1.66666666666667	1.33333333333333	0
1106830	77.3333333333333	11	0	0	0.666666666666667	0	0	0	19.6666666666667	34.3333333333333	42.3333333333333	3.33333333333333	0	13.3333333333333	0.666666666666667	1
4429301	3	24	190	803	302	93	182	55	27	3	0	209	45	0	103	86
1107018	7	6.33333333333333	8	5.33333333333333	34.3333333333333	16.6666666666667	15.3333333333333	2.33333333333333	8.33333333333333	9.66666666666667	6.33333333333333	10.3333333333333	1	17.3333333333333	17	7
178859	237	48	0	8	4	10	2	5	57	160	207	0	5	158	34	8
275237	0	0	3	2.2	0	1.2	4.2	0	1	0.4	0.8	6	0.4	0	0.8	0.6
178852	0	0	1.75	0	0	0.75	0.75	0	0.5	0	0	0	0	0	0	0
188187	1	0	0	0	0	0	0	0.666666666666667	1.33333333333333	0	1	0	0.666666666666667	0.666666666666667	1	3.33333333333333
185969	0	3	26	222	63	26	68	14	5	0	0	58	13	0	22	15
97142	0	0	0	0	1.33333333333333	0.666666666666667	0	1.33333333333333	0	0	0	0	0	0	0	0.666666666666667
279534	0.8	0	0	0	1	0	0	0.6	0	1	0.4	0.4	0	2	0	1.4
584765	1.33333333333333	1.66666666666667	0	0	0	0	0	0	3	1	0	0	0	2	0.666666666666667	1
1109724	8	1.5	0	5	0	0	2	0	0	0	0	277	0	0	6.5	0
4448052	0	1	0	0	2	1	0	0	0	1.25	1	0	0	0	0	0
4446238	3	3	0	3	8	0	4	13	0	10	0	14	8	2	12	64
4030287	5	0	0	1	0	1.66666666666667	1	0.666666666666667	6.33333333333333	2.33333333333333	3	0.666666666666667	1.66666666666667	0	1	2.66666666666667
181844	0	0	15	5	4	3	33	2	2	0	0	0	21	0	10	139
169031	1	0.4	4.6	1.4	0	0.6	10	0	0.6	3.6	2	8.2	0.8	0	0.4	1.6
196428	0	4	0	0	0	7	0	25.5	0	0	0	0	41.5	0	12.5	8.5
187264	12.5	17	124.5	51	16	64.5	382.5	35	7	5.5	3	83.5	15.5	8.5	31	7
4379961	0	0	14.6666666666667	0	6.66666666666667	4.66666666666667	2	3	2	0	0	0	2	0	0	10
4405104	1.16666666666667	4.33333333333333	3.16666666666667	3.66666666666667	4	11.6666666666667	0.333333333333333	21.3333333333333	8.5	8.33333333333333	14.5	0	1.16666666666667	1.16666666666667	17.1666666666667	4.16666666666667
289310	0	1	0	0	0	0	0	0	1.75	0.5	0	0	0	0	0	0
4392188	47	112	0	0	0	285	0	2	0	9	64	5	112	23	130	0
274619	0.5	2.25	0	0	0	5.25	4.75	0	0	0.75	3.5	0	1.25	2.75	3.5	2
4315396	27.6666666666667	3.5	0.666666666666667	0	4.5	0.5	0	9.16666666666667	1.66666666666667	8	6.16666666666667	4	0.666666666666667	16.3333333333333	0.333333333333333	3.16666666666667
4422315	66	109	0	0	2	244	0	0	0	5	29	9	98	20	154	0
320169	3.66666666666667	4.66666666666667	0	0	1.66666666666667	2.33333333333333	0	1	0	6.33333333333333	3.33333333333333	5.33333333333333	0	1.66666666666667	1.33333333333333	1
269125	2.66666666666667	13.8333333333333	0	0	0.5	3	0	0.5	4.16666666666667	9.33333333333333	12.3333333333333	2.83333333333333	0.333333333333333	23.8333333333333	10.1666666666667	0.5
176990	69.3333333333333	0	0	0	14.3333333333333	0	0	1	0	2.66666666666667	133	0.666666666666667	0.666666666666667	4	2.33333333333333	24
4324985	4	0.5	0	0	1.5	0	0	1.75	0.75	10	2.5	0	0	4.5	0	4
4374663	53	45.75	9	37.5	16.5	24	3.25	12.5	5.25	170.75	12.5	163.25	8.25	39.25	6	5.5
4466707	1	0	7.33333333333333	4.66666666666667	2	4.33333333333333	0	3	4	3.66666666666667	0	0	0	1.33333333333333	2.66666666666667	2
4453304	23	6	11	78	0	238	5	0	14	3	15	3	3	34	119	85
1094991	1.25	2.5	0	0	7	2.5	0	2.25	6	5.25	4.5	0	1	6	2.5	2
617098	2.25	3.75	0	0	0.75	0	0	0	0.75	8.5	1.75	2.25	0	10.25	0	4.75
1109505	13	42.3333333333333	42	6.33333333333333	16	35.6666666666667	0	70.3333333333333	34	24.3333333333333	2.33333333333333	17.6666666666667	4.66666666666667	32.6666666666667	25	9
4388819	0.5	0	0	0	0.75	0	0	0	0	0.75	0	0	0.5	0	0	0.75
135956	138.833333333333	662.333333333333	16.8333333333333	7.83333333333333	46.1666666666667	130.666666666667	9.33333333333333	37.1666666666667	216.833333333333	378.833333333333	541.166666666667	120.5	2.66666666666667	1025.66666666667	422	17.5
772972	4.75	0	0	0	1.25	0	0	0	0	3.5	4.75	0	0	5	0	0
2590430	0	0	1.66666666666667	0	1.33333333333333	18.6666666666667	2	0.666666666666667	1.66666666666667	35.3333333333333	0	18.6666666666667	5.33333333333333	1.66666666666667	14.3333333333333	0
3172943	2	0	0	0	0	1.33333333333333	0	0	0	0.666666666666667	0	14	0.666666666666667	0	0	0
3919797	0	0.666666666666667	0	1	0	0	0	0	0	0	1	0	0	0	0.666666666666667	0
2530636	4	0.8	404.4	0.4	1.6	1921.6	3276	2	35	9.8	0.6	317.4	1127.2	1.8	686.8	7.6
365297	1.75	3	0	0	1.75	0	0	0	0.75	2.5	0.75	0.5	0.5	2	1	0
179864	0	0	72	0	0.5	0	0	0	0	0	0	0	0	0	0	2.5
845272	4.25	9.25	1.25	0	0	3.25	0	1.75	17.75	17.25	15.25	2.25	1	5	1	1.25
189624	0	0	0	2	48	2	33	23	5	0	0	0	6	0	0	56
192217	0	0	6	0	0	0	0	3	0	0	0	0	0	0	0	42
158297	25	55	0	0	0	2	0	0	3	82	26	0	0	18	2	3
261076	125.166666666667	17	2.66666666666667	0	15.3333333333333	6.16666666666667	0.333333333333333	53.6666666666667	15	34.3333333333333	19.5	18.1666666666667	1.66666666666667	65	2	9.5
110192	0	6	0	0	0	0	0	0	0.5	10.25	30.25	0	0	2.5	0	0.5
16036	0	0	0	0	11.5	0	0	1	2	1.5	0	0	0	0	0	0
4440624	2.5	3.5	0.5	0.5	0	1.5	3	2.5	1.5	1.25	3	0.5	7.75	0	4.25	2
4460602	2.66666666666667	0	0	0	0	0	0	0	0.666666666666667	0.666666666666667	0	0	0	0	0	0
270571	4.75	9	0	0	0	0	0	0	15.75	0.5	9.5	0.5	0	1.5	0	2.75
95424	40.5	64	0	1.5	0	0	0	0	67.5	4.75	19.25	59	0	30.75	0	0.5
584020	0	0	0	0	2.75	0	0	0	4.25	0	0.5	2.5	0	0	0	0
1678333	0	0.666666666666667	0	0	0	0	0	0	48.6666666666667	3.33333333333333	5.66666666666667	0	0	1	0	0
219064	0	0	6.6	0	0	29.8	35.2	0	0.6	0	0	1	20.8	0	10.6	0
264225	8	6.33333333333333	0	0	0	0	0	0	4	12.6666666666667	10.3333333333333	0	0	3	0	7
4462867	0	0	15	215	80	24	41	11	11	0	0	47	8	0	22	9
291315	2	2.6	9.6	10	1	3	26.6	0.8	2.6	7	3.2	33.2	0	3	1.8	3.8
832848	22.3333333333333	7.66666666666667	0	1.66666666666667	1.33333333333333	2	0	10.3333333333333	1.33333333333333	15.3333333333333	3	0	0	6.66666666666667	2.66666666666667	6
2797559	5	9	0	2	0	4	0	0	23	3	0	3	0	9	0	2
3910241	3	3	0	0	14	0	0	10	18	13	0	0	0	0	0	3
1931575	4	0	0	1.75	0	0.75	0	1	8	2.25	4.5	2.5	0	1	0	0.5
337784	1.125	0.25	0	0	0	0.25	0.25	0.25	0.625	0.625	1.625	0	0.625	0	0.375	0.25
298788	0.666666666666667	0	113.666666666667	0.666666666666667	0	17.6666666666667	2	0	0.666666666666667	0	0	0	3	0	12.6666666666667	0
4444262	139	60	10	23	6	141	31	2	182	136	51	36	38	114	63	16
4358599	81.3333333333333	84.6666666666667	3.66666666666667	16.3333333333333	35.6666666666667	154.666666666667	121	59	204	77	119.333333333333	20	95.3333333333333	141.333333333333	92.6666666666667	92.6666666666667
3293888	1	0	0	0	0	3	0	0	1.33333333333333	2.66666666666667	2	0.666666666666667	1	0	1	0
3484503	16	127	7	0	0	233	0	17	6	26	101	11	131	15	179	16
3392842	2.75	3.5	2.5	0	0	0	0	0	3.5	2.5	8.25	5	0	1.25	0	0
3392840	13	6	0	0	2	2	0	10	4	34	2	5	0	3	0	19
1135364	0	1	0	0	19.5	0	0	3.5	0	0	0	42	0	0	0	0
278098	94	69	0	4	9	0	0	10	6	33	45	0	2	30	4	10
4381548	1.5	0.5	0	0	4.25	0	0	5.25	1.75	9.75	5	1.25	0.5	1.75	0.5	2
4438847	5.5	9	0	3.5	2	4.5	0	6	9.5	1	12	0	3.5	1.5	11	2
4357307	6.5	4	9.25	5.25	0	20	13	3	6	1	11.5	1	2.75	8.75	16.25	7.5
182984	1.66666666666667	3.33333333333333	0	0	0	0.666666666666667	0	0	1	0	1.33333333333333	0	0	0	0	0
22352	1.4	0	5	0	0.4	1.8	0	0.6	0	0	0	0	0.6	0.6	1.6	4.2
4420570	18	4	6.5	2.5	68.5	1	11	11.5	0	42.5	1	6	1	4	1	62
172403	0	1.25	0	0	0	0	0	0	0.5	0.75	0	1.25	0	0	1	0
174831	0.5	5.25	51.5	1.25	0	2.25	9.75	0	24.75	0.5	0.5	9.75	74.5	3.5	26.5	0
181985	0	226	0	0	0	539	0	2	2	3	13	8	2	0	631	0
181452	7	2	21	0	2	9	27	2	0	2	5	0	9	3	10	21
3750373	6	4	24	36	13	0	5	8	68	49	17	6	0	45	2	23
181675	0	2	19	28	14	4	13	4	3	0	0	8	12	0	4	22
4405146	23.25	1.75	0	0	7.25	0	0	6	10	16.25	21.5	1.25	0	22.5	0	3
270519	0	0	0	0	5	0	0	0	0	0.5	0	0	0	0	0	3.25
362854	0	0	60.5	10	3.5	14	76	5	0	0	0	24.5	9	0	14	8
4425663	0	0	0	0	0	0	0	46.5	0	0.5	15.5	0	0	0.5	0	3.75
160016	19	22.3333333333333	3.33333333333333	55.6666666666667	24.3333333333333	24.6666666666667	1	2.66666666666667	1	57.3333333333333	2.66666666666667	11.3333333333333	5.66666666666667	32	47.3333333333333	77.6666666666667
4336940	14	4	1.25	0.75	23.25	0	0	64.5	4.75	17	36.75	3.25	2	13.75	3	23.75
1106302	3	0	0	0	0	0	0	0.75	2	0.5	0	0	0	0	0	0
2724174	3	26	2	2	0	6	0	0	39	0	61	3	10	7	2	0
1000113	3	10	0	0	1.66666666666667	0	0	0	0	15.3333333333333	27.6666666666667	1	0	0	0	0
307608	1	1	0	0	4.5	0.5	0.5	0.5	2.25	1	2.5	0	0	1.25	0	0.75
4365109	4.33333333333333	25.6666666666667	0	0.666666666666667	1.33333333333333	0	0	2	0.666666666666667	0	6.33333333333333	2	0	8.33333333333333	0	1.66666666666667
4391262	2.14285714285714	0	0.285714285714286	0	0.285714285714286	0	0	0	0	1.42857142857143	0	0	0	0.857142857142857	0.285714285714286	0
4391009	0	0.75	72.5	0	1.5	0	0	0	0	0	0	0.5	6	0	0	10.75
4458576	0.333333333333333	0	0	0	0	6.66666666666667	1	0.333333333333333	0	0.666666666666667	0.333333333333333	0	2.66666666666667	0	10.3333333333333	26.3333333333333
346275	2	2.33333333333333	0	0	0	0	0	0	1.33333333333333	0	0	0	0	0	0	1
1105016	10.6	3.8	3.4	0	7.2	0.6	0	10.6	8.4	2	13	2.2	1.6	10.6	0.6	4.8
1143674	26	78	10	15	75	14	0	38	19	20	13	52	11	0	4	0
4412309	0	3	27	7	56	0	14	10	3	0	0	46	13	0	3	285
105964	2	0	0	0	10.5	0	0	7.5	8	4.5	1	0	0	3	0	0
4480176	1.5	0	0	0	1.25	0	0	0.5	4	2	6.25	0	0	0	0	4
178996	0	0	0.666666666666667	1.33333333333333	47.3333333333333	0	0	181	0.666666666666667	0	0	0	0	0	0	0
344523	0	97	8	0	3	141	0	634	2	4	2	0	1517	0	346	376
4372003	0	0	0.6	0	0	0.4	0	0	0	0	0	0	0	0	0	8.8
301639	7	0	3.5	1.5	4.5	0	3	11.5	0	0	0	0	2.5	0	2.5	14
4344860	2	37	0	0	0	66	0	5	2	8	20	5	13	5	30	0
174853	5	15	0	0	0	0	0	0	1	0	0	1	0	11.5	0	1
174854	1	0	0	0	0	0	0	0	0.666666666666667	4	0	1.33333333333333	0	0.666666666666667	0	0
665703	6.5	1	0	0	1	0	0	0	0.5	6.75	1.25	0	0	9.25	0	1.75
195445	3	1.33333333333333	0	0	0	0	0	0	1	3.33333333333333	4	0.666666666666667	0	4.66666666666667	0	0
173132	160.333333333333	14	9.66666666666667	16.3333333333333	5	66.6666666666667	0	146	72.6666666666667	40.6666666666667	9.66666666666667	11	1.66666666666667	13	52.6666666666667	18
519000	8	2.33333333333333	0	3.66666666666667	5.66666666666667	0	0	2	3	3.66666666666667	1.33333333333333	0	0	13	1.33333333333333	14.3333333333333
1112190	4	8.33333333333333	0	0	0.666666666666667	0	0	1.66666666666667	0	0	0	0	0	0	0	0
333426	0	0	0	0	14.3333333333333	0	0	51.6666666666667	0	0	11	0	0	0	0	0
2883968	6.25	1.5	0	2.75	13.75	0	0	27	0.5	1.75	5.25	2.25	1	5.75	0	16.75
4393892	36.3333333333333	2.66666666666667	1	9.33333333333333	1.33333333333333	0	0	1.33333333333333	5.33333333333333	16.6666666666667	3	0.666666666666667	0	1	0	0
350865	0	4.33333333333333	0	0	0	0	0	0	0	0	3.66666666666667	0	0	0	0.5	0.333333333333333
180466	8	2.25	0	0	0.75	0	0	1.5	6.25	10.75	2.5	0	0.5	3.75	0	35.5
4479603	1.75	2	4	0.75	1.25	1.5	4.5	2.25	3.75	1.25	1.75	2.25	4.5	1.25	4.5	1
313816	4	0.666666666666667	0	0	2.33333333333333	0	0	0	7.33333333333333	5.66666666666667	17.3333333333333	72	0	2	0	0.666666666666667
1107459	170	15.3333333333333	0	0	0	0	0	1	7.66666666666667	7.33333333333333	6.66666666666667	2.33333333333333	0	4.33333333333333	0	11.6666666666667
193444	0	2	0	0	8	0	2	0	0	66	6	0	0	0	0	0
4460786	0	0	439	0	0	5	0	0	0	0	0	0	34	0	18	0
215266	0	0.666666666666667	10.6666666666667	0	11.3333333333333	0	13.3333333333333	2	0	0.666666666666667	0	17.3333333333333	0	0.666666666666667	0	0
4471351	7.75	1	0	0	1.75	0	0	0	79.5	10	6.25	7	0	6.5	1.25	0.75
4302241	6.5	0	1.5	1	25	0	3	2	0	22.5	0	3	0	1	0	44.5
278506	0	0	6	0	0	0	0	0	0	0	0	3.5	0	0	16.5	0
4456491	15.25	139	601.5	36.75	3.25	94.5	291.5	1.25	248.25	3.25	10.25	298	1036.75	75.5	564.25	2.5
1109127	346.6	714.4	81.2	5.8	71	17.6	2.2	764.8	214.6	245.8	399.2	87.6	13.6	554.4	7.6	49.2
4408801	0	3	0	0	1	0	0.5	1	2.25	4.5	3.5	0.5	0.75	0	0.75	1
1136676	0	0	0	0.6	0.6	0	0.8	0	0	0	0	0	0	0.6	0	0.8
3694603	70	17	0	0	1.25	3.75	0.5	0.5	37.25	61.25	109	7.5	1.25	10.75	0.5	116
183675	0	1.75	0.5	0	0	0	0	0	0	0.5	0	0	0	0	0	0
372146	14.5	7.75	0	0	1.75	1	1.75	1.5	9	30.5	27.25	9.5	2.5	15	3.5	0.75
527891	20	21.3333333333333	2	52.3333333333333	26.6666666666667	20.3333333333333	0	2.66666666666667	0.666666666666667	42.3333333333333	2.33333333333333	8	6	30.3333333333333	33	51.6666666666667
227565	2	2	6.5	4	1.5	3	28	2.5	1	1	1	4	0	0	1	0
176118	0.5	7.5	0	0	0	0.5	0	0.5	4.75	2	7.25	1	0	0.5	0	1.25
321875	0.75	0.75	0	0	8.75	1.5	0	19	4.5	0	0	0	0.5	0.5	2.75	1.75
3568710	5	0	3	0	20	0	9	4	0	9	0	0	0	2	0	35
46910	13	7.4	0	0	0	0	0	4.6	0	2.8	0.4	6.6	0	9.8	0	0
192515	2	0	0	0	3	0	0	2	0	0	0	0	0	0	0	0
4414044	0	42	0	0	0	146	0	0	0	0	2	3	58	0	108	0
4390754	3	0	0	3	5	0	0	0	26	4	3	2	0	19	0	7
360508	11	2.33333333333333	0.666666666666667	5.33333333333333	2.66666666666667	10.6666666666667	8.66666666666667	4	4	6.66666666666667	1.33333333333333	0.666666666666667	1	9	4.33333333333333	3.66666666666667
170561	3	0	0	0	0	0	0	0	1	0.75	6.75	1	0	0	0	0
318162	22	11	0	0	3	0.666666666666667	0	0	16.3333333333333	1	4	2	0	22	1.66666666666667	0
258165	221.666666666667	0	0	0	7	0	0	0	0	12.3333333333333	3.33333333333333	0	0	4	0	0
263953	12.3333333333333	17.3333333333333	4.66666666666667	0	2.66666666666667	8	16.3333333333333	5.66666666666667	36	35.3333333333333	7.66666666666667	1.66666666666667	4.66666666666667	15	1	3.66666666666667
4437748	2	2	0	0.5	5	0	0	10	1.75	1	8.5	3	0	5.75	0	47
439924	4.66666666666667	35.3333333333333	11.6666666666667	1.33333333333333	95	33.6666666666667	0	72.3333333333333	34	53	2.33333333333333	1.33333333333333	15.3333333333333	11	47.3333333333333	131.333333333333
309663	20.3333333333333	0.666666666666667	2.33333333333333	0	1.33333333333333	0	0	0	2.33333333333333	2	0	2.66666666666667	0	1	0	0
210218	1.33333333333333	0	0.666666666666667	1.33333333333333	0	0	0	1.66666666666667	0	0.666666666666667	0	0	0	0	1	0
837859	0.8	0	0	0.8	0.8	0	0.6	0	0	0	3	1	0	0.8	0	0
29205	1	8.66666666666667	0	0	0	0	0	0	0.666666666666667	3	6.33333333333333	0	0	0	0	0
1112763	3.71428571428571	1.14285714285714	0	0	0.285714285714286	1.71428571428571	0	0.571428571428571	0.428571428571429	0.714285714285714	1.14285714285714	0.571428571428571	0	1.42857142857143	0	0
1112762	7	2.5	0	0.75	140.5	0	1.75	8	12.5	320.25	163.75	0.75	1	63.75	0.5	2.5
4337199	0	0	42	342	0	189	34	0	2	0	2	0	27	0	9	0
2901240	19.3333333333333	1	0	0	0	0	0	0	1.33333333333333	0.666666666666667	0	0	0	1	1	0
2901246	73	75.6666666666667	0	3	0	0	0	1.33333333333333	55.3333333333333	43	22.3333333333333	36.6666666666667	14.3333333333333	95	3.33333333333333	29.6666666666667
173852	12.3333333333333	0.666666666666667	2.66666666666667	0	0.666666666666667	3	0	1	1.66666666666667	2.66666666666667	0.666666666666667	30.6666666666667	2	0	0	0
258280	1.25	0	0	0	0	0	0	0	0	0.75	6	0.5	0	5.75	0	0
279492	19	5	0	0	0	4	5	0	13	2	4	7	3	20	4	3
3507351	7.2	2	30.8	4.8	1.6	2	25.2	1.4	6.8	21.2	9	25.2	5.2	1	7.6	10
298288	0	0	15	107.666666666667	1.33333333333333	32.3333333333333	1	0	0	0	0	0	1	0	13	56.3333333333333
1652947	79.6666666666667	144	0.666666666666667	113	10.6666666666667	89.6666666666667	308.666666666667	37.3333333333333	90	46.3333333333333	38	93.3333333333333	103.333333333333	139.666666666667	48	34.6666666666667
3998912	122	0.5	0	0	8.25	0	0	0	0	1	12.5	0	0	67.5	0	3.25
400739	4	0	0	0	0	0	0	0	0	3	3	0	0	0	0	0
4451907	5	2	58	3	3	75	16	0	2	8	0	3	34	0	130	285
4451901	5.375	1.75	0.25	0	2.125	1.125	1.625	1	2	4.75	5.625	4.25	0.375	7.375	1.625	5.125
4070490	73.4	10.4	121.8	0.6	31.6	102.2	0.4	42	31.6	14.8	29.8	1.4	75	47.4	42.4	106.2
839137	3.75	4.25	0	0.75	0	0.75	0	0	2.25	2.25	14.5	11.5	0	3.25	0	0.5
18619	4.75	2.25	0	0	0.75	0	0	0	45.75	27.5	9	2.25	0.75	3.5	0	3.5
3359884	7.5	5	2	4.5	45.5	0	6.5	8	1	33	0	4	0	2	0	75.5
95256	2	0	1	0	70.5	0	0	8.5	25	140.5	2.5	9	0	32	0	0
229958	6.5	6	0	0	0	0	0	0	0.75	10.5	29	0	0	3.5	0	0
1108377	5	7.33333333333333	49.3333333333333	1	10.3333333333333	2	0	1.66666666666667	16.6666666666667	21	6.66666666666667	0	0.666666666666667	3.66666666666667	4	22.6666666666667
1108378	8.33333333333333	17	6.33333333333333	4	4.33333333333333	8	8.66666666666667	6	20.3333333333333	6.33333333333333	18	26.6666666666667	2	18	2.66666666666667	5.66666666666667
4446733	0.5	0.5	0	0	6.25	3	0	4	0.5	2	1.5	0.5	0.5	0.5	1	4.75
186452	0	5	0	3.33333333333333	5	0	0	107	1	4.33333333333333	32.3333333333333	0	0	0	0.666666666666667	9.33333333333333
161762	73	0	0	6	19	0	0	10	6	149	61	0	0	40	0	8
2978254	6	11	0	3	0	0	0	0	0	0	4	11	0	0	0	0
370809	5	3	0	0	3	0	0	0	13	16	8	0	0	0	0	3
4476330	7.66666666666667	8	0	0.666666666666667	0.666666666666667	0.666666666666667	0	3	54.3333333333333	5.33333333333333	12.3333333333333	2.66666666666667	0	6.33333333333333	0	10
444241	770.333333333333	52.6666666666667	50.6666666666667	122.666666666667	28	351.666666666667	1.33333333333333	760.666666666667	302	199	49.3333333333333	72	8.33333333333333	54.3333333333333	280	63
260666	0	0	0	0	0	0	0	0	2.25	0.5	0	0	0	0	0	2.25
329650	2.25	15.5	0.5	6	0	10.75	27.5	0	49.75	0.75	1.5	24.5	177.25	7.5	138.75	0.5
152381	0	0	0	0	2	0	0	0	0	0	1.5	0	0	0.5	0	0
432904	0	6.5	107.75	24.5	8.75	0	1.25	0	19.5	33.75	52.5	4.5	9.75	0.75	6.5	20
174654	0	0	0	76	0	0	0	8	0	0	4	0	0	0	0	0
112891	3.25	1.75	4	7.75	28.5	14.5	4.5	9.5	1.5	7.75	2.25	21	4.5	3.5	7	5
2315700	46	21	0	3	0	14	10	0	24	7	15	21	8	38	6	13
838685	5.25	14.5	0	0	6	2	4.25	0.5	9.5	19	43.25	8.25	0	3.25	0.75	3.75
297149	0	0	0	2	0	2	0	0	0	0	0	3	0	0	0	8
42458	17.5	5.5	0	0	11	8	99	25.5	60	4	5.5	27.5	34	10.5	30.5	125
180362	9.66666666666667	20.3333333333333	0	4.33333333333333	1.66666666666667	3.66666666666667	1	5.33333333333333	2.66666666666667	0.666666666666667	9	3.66666666666667	4	9.66666666666667	5.33333333333333	3.66666666666667
1111580	4.5	16	0	0	0	0	0	0	3	1.5	0	0	0	0	0	0
4309927	9.5	65	0	0	0	0	0	0	2	2.5	0	2	0	20	0	1.5
4420272	0	0.666666666666667	0	1	0	0	0	0	8.33333333333333	0	0.666666666666667	0	0	0	0	0
1712722	0	0	0	0	0	0	0	8	6	2	2	0	2	0	0	5
833816	2.33333333333333	2.66666666666667	0	0	8.66666666666667	0	0	4.33333333333333	0	0	3.66666666666667	0	0	12.3333333333333	0	0
164967	0	0	0	0	0	0	0	0	0	0.75	4.75	0	0	0	0	1.25
278667	0	0.5	0	0	3.5	1.5	0	0.75	0.75	2	3.5	0.75	0	0	0	0.75
288265	0.5	5.25	2.5	0	0	0	0	0	16.25	0	0	0	0	0	0	4.5
180629	6	4	35	244	113	24	50	10	8	0	0	61	18	0	18	15
180999	0	0	8	53	31	3	8	4	0	0	2	30	5	0	3	68
228330	0	0	0	0	15	0	0	3	5.5	2	1.5	0	0	4	0	0
2256427	0	0	18	22	17	4	9	5	5	0	0	2	7	0	9	44
261590	0	0	34.5	0	5	0	1.5	1	0	3.5	2	11	1	0	1	1.5
346761	2.2	0.8	0	0	0.4	0	0	3.8	0	9.8	15.4	0	0	5	0	0
14094	0	44	0	0	0	0	0	0	36	14	16	5	0	2	0	3
278123	178	38.6666666666667	0	0	0.666666666666667	0.666666666666667	0	7.66666666666667	13.6666666666667	322	109.666666666667	2.66666666666667	0	166.333333333333	0.666666666666667	0.666666666666667
209845	1.5	0	0	0	0	2	24.5	0	1	0	0	0	1	1	0	0
160661	2.33333333333333	7.66666666666667	0.666666666666667	0	0	0	0	0	3.66666666666667	0.666666666666667	0	0	0.666666666666667	0	0	0
171532	496	6	0	0	2	0	0	0	0	0	71	2	0	15	10	0
4361093	5.33333333333333	9.33333333333333	1	0.666666666666667	0	0	1	0	41.6666666666667	5	5	5.33333333333333	0.666666666666667	0.666666666666667	0	0
259993	1.33333333333333	3.66666666666667	0.5	2.16666666666667	0.666666666666667	0	0	1.16666666666667	0.666666666666667	2.33333333333333	0.833333333333333	4.16666666666667	0.333333333333333	15.6666666666667	1.16666666666667	0.666666666666667
263834	13	1.33333333333333	0	0	0	0	0	1.66666666666667	92.3333333333333	3.33333333333333	82	7	0	17	0	6.66666666666667
4434203	1.25	0.5	0	0	3.5	0	0	1	0.5	6.25	7.75	0.5	0	0.5	0	4.25
4334618	4.5	4.5	0	0.75	1	5.25	3.5	2.25	7.25	9.25	13.75	1	4.75	5.5	12	3.5
586453	3	0	0	0	0	9.75	1.25	0	0	0	0	0	0.75	0.5	1	0
278609	0	2.25	0	0	0	0	0	0	0.5	7.75	25.75	0	0	1.5	0	0
413275	0.75	2	0	0	3	0	0	4	0	0	1.75	0	0	9.75	0	59.25
1105668	4.66666666666667	2.33333333333333	0	0	3	0	0	0	8.66666666666667	8	18.3333333333333	83.6666666666667	0	4.33333333333333	0	1.33333333333333
388276	6.66666666666667	21.3333333333333	1	9.33333333333333	3.66666666666667	19	78.3333333333333	10	4.33333333333333	5	1.33333333333333	8.66666666666667	2.66666666666667	18	12.6666666666667	2.66666666666667
171322	7.5	0.75	0	0	0	0	0	0	1	10.5	12	2.5	0	11.5	0	0
33984	0	0	0	0	43.25	0	0	31.5	0	1	0	0	0	0	0	0
2897332	3	0	0	0	0	0	0	0	34	4	41	12	0	7	0	0
178490	6	208.666666666667	76	0	1.66666666666667	46	11.3333333333333	22	110.333333333333	54	68.6666666666667	7	35.6666666666667	87	80	6
4410863	0	0	7.33333333333333	40	0	18.6666666666667	4	0	0	0	0	0	6	0	1.66666666666667	0
524661	7.5	68.3333333333333	128.166666666667	0.666666666666667	61	101.833333333333	0.333333333333333	39.1666666666667	102.333333333333	0.333333333333333	5.5	2.66666666666667	51	4.66666666666667	32.5	8.16666666666667
1106683	0.666666666666667	18.6666666666667	0	0	0	0	0	0	0.666666666666667	0	1.66666666666667	0	0	18	0	0
4471135	7.33333333333333	4.66666666666667	1.66666666666667	5.66666666666667	1	1.66666666666667	5.66666666666667	3.33333333333333	4.33333333333333	4	5.66666666666667	11.3333333333333	3.66666666666667	6	2	5.66666666666667
4471139	5.5	3.5	2.5	0	2.25	0	0	1.5	5.25	8	4	0.75	0	2	0.5	0
177727	0	0	0	0	12	0	0	8	0	0	0	0	0	2	0	0
4383953	0	0	0.75	0	0.75	0	0	0	0	2.5	0	0	0	0	0	0
195252	0	2	5	5.33333333333333	0	0	3.66666666666667	1.33333333333333	6.33333333333333	2.66666666666667	0	0	2.33333333333333	0	1.33333333333333	9.33333333333333
795046	235	148	0	0	0	12	0	0	5	7	8	0	0	0	21	7
4460560	11	43	0	0	0	0	0	0	8	43	59	0	0	41	0	0
173773	5.66666666666667	1.66666666666667	0	3	2.66666666666667	0	0	1	1.33333333333333	2.66666666666667	2.66666666666667	0	0	5.33333333333333	0	14.6666666666667
835928	0	0	0	0	2.33333333333333	0	0	0	0	4.33333333333333	6	0	0	22	0	0
4472174	0	0	646	0	5	6	0	0	2	2	4	0	50	0	26	0
4474255	22.75	7	14.75	63.5	107.5	73.75	9	48	6.25	53.25	2.5	69.75	32.75	10.75	57.75	28.75
851733	35.6	14.2	4.6	4.6	2.4	9.6	0.4	3.2	2.8	29	6.4	18	3.4	23.8	2	3
198194	1.25	5	0.75	0	0	1	0	0.5	2.25	0	1.25	1.25	1.75	0.75	0	3.75
1129971	0	0	10.3333333333333	0	2.66666666666667	0	0	0	0.666666666666667	1.66666666666667	0	2	0	0	0.666666666666667	0.666666666666667
70217	3	141.75	0	0	0	0	0	0	4.25	0.75	0	0	0	17	0	0
195574	1.25	9.75	19.75	1.25	0	2.75	26.75	0	21.25	0	0.5	33	83	9	19	0
4045882	1	1	7.33333333333333	5	0	5.66666666666667	0	0	1	0	0	0	0	0	1	0
175967	0	0	0	0	2.5	0	0	0	1.5	0	3.75	0	0	0.75	0	0
835456	14.5	0	0	0	12.25	0	0	0	8.25	4.75	26.25	0	0	26.75	0	1
325633	3	5	3	1.5	0	2.5	2.5	0	5.5	1	4	0	1.5	1	0	0
4383092	0	0	0	0	0	0	0	3	7	0	0	0	2	0	0	23
1142199	17.5	0	0	0	0	0	0	0	0	14	0	1.5	0	0	0	0
192598	3	2	0	0	0	2	0	3	31	3	18	0	0	0	0	0
763985	2.25	0	0	0	2	0	0	0.5	0.5	1	6.25	0.5	0	7	0	0
1058952	9.75	3.25	4.5	2	0	1.25	12.75	0.75	0.75	23.25	0.75	45	0	0.5	4	0
1105232	1	3	1.33333333333333	0	11.6666666666667	0	0	4.66666666666667	0.666666666666667	0	0	0	1.33333333333333	0	0	6.33333333333333
609589	1.25	0	0	0	4.5	0	0	1	4.5	3.75	7	0.75	0	0.5	0	0
360238	0	0.666666666666667	0	0	0	1.33333333333333	0	0	0	2	1	0	0	0	1	0
272953	4.25	32.25	0	0	0	0.5	0	0.5	5.75	1.25	22.5	3	0	0	0	6.5
2366688	543	143	15.6666666666667	17.3333333333333	1	124.666666666667	1	1.33333333333333	30.6666666666667	136	595	9	33	124	112.666666666667	23.3333333333333
4407190	0	1.66666666666667	0	0	0	0	0	0	0.666666666666667	3.33333333333333	3	0	0	3.66666666666667	0	0
1066830	18.75	20.75	0	0	0	0	0	0.75	1.5	48.25	12.5	15.5	0.5	64.75	0	42.25
43950	10.75	5	0.75	0	2	3.5	3.5	2.75	1.75	7.75	5.75	0.75	1	12.25	0.75	1.5
3946926	5.5	9.5	0.5	18.75	0	1.5	1.25	0	0	117.25	0	129.5	0	0.75	2.5	0
193509	0	39	0	7	0	33	0	2	0	0	34	2	0	29	0	0
261334	0.5	0	0.5	0	0	0	0	0	0.5	0	0	0	0	0	0	0
4450979	13	131	0	0	0	326	0	3	7	32	25	6	123	5	179	0
95502	1.25	0	0	0	8.5	0	0	0	0.75	20.25	12.25	0	0	6.5	0	0
22371	267	63	0	0	6	0	0	0	810	273	423	0	0	16	0	2
3924208	4	16	9	21	97	171	3	3	14	5	5	12	52	0	90	5
4476604	8	44	0	0	0	0	0	3	69	106	26	2	6	3	7	69
1737536	22.25	15	0	0.75	61.75	1	2.75	11	17.75	255.5	2	3.75	0	11.5	4.25	22.5
849346	0	4.75	0	0	2	0.75	0	1.25	0	1.25	7	0	0	1.5	0	1.25
1110242	4.33333333333333	22.6666666666667	11.3333333333333	4	27.6666666666667	0	0	19.6666666666667	5.33333333333333	1.33333333333333	3	1	2.66666666666667	0.666666666666667	0	0.666666666666667
4326866	29.5	6	0	0	17.75	0.75	0.5	10.5	6	90.75	26.75	0.75	0	44.75	0	43.75
1110650	136.666666666667	56.6666666666667	64	145	13	27.6666666666667	84.3333333333333	27.6666666666667	31	18	66	84.6666666666667	12.6666666666667	28	25.3333333333333	11
196215	6	25	0	0	0	37	0	7	0	5	17	0	18	4	24	0
50530	1.33333333333333	5.66666666666667	0	0	0	0	0	0	3.66666666666667	1.66666666666667	8.66666666666667	2	0	0.666666666666667	0	0.666666666666667
383992	83.6666666666667	43.6666666666667	0.666666666666667	1.66666666666667	6	1	1	2	59.3333333333333	22	74.3333333333333	5	0	36.6666666666667	0	4
230268	97	27	0	0	0	0	0	0	25	55	111	0	2	120	2	0
292444	4.4	6.2	30.4	2.8	23.6	4.2	0	19.4	8.4	2	3.2	2.6	5.4	1.2	6.8	64.4
2774254	0.666666666666667	0	601	103.666666666667	3.33333333333333	2.33333333333333	1233.33333333333	0.666666666666667	14.3333333333333	0.666666666666667	0.666666666666667	1	1.33333333333333	1.33333333333333	1	149.333333333333
278392	25	3	0	0	4	5	2	0	0	2	39	0	0	12	0	0
388945	29	39	5.66666666666667	42.3333333333333	0	4.33333333333333	0.666666666666667	6.33333333333333	51.6666666666667	269.666666666667	45.6666666666667	117	4	6.33333333333333	8.66666666666667	0
291206	8.75	8	0	0	0	0	0	1	2.25	1.25	6.5	0	0	0	0	0
4402077	46.6666666666667	0	1.33333333333333	0	0	2.33333333333333	0	0	0	0.666666666666667	44.3333333333333	0	0	27.3333333333333	5	0
4386437	2.25	0.5	0.75	0	1	0	0.5	2.75	0.75	5	5	0.5	0	2.75	0	0
4296496	12.25	0	0	0	0	0	0	0	6.75	0	12.5	0.5	0	3.75	0	0
462585	42	38	0	0	50	14	0	78	515	288	98	0	15	18	6	64
171872	0	0	0.75	0.5	0	0	0	0.5	0	0	0	1	0	1.5	0	10
25534	2	32	12	5	15	8	128	64	41	4	2	36	46	76	7	154
4472130	24.6666666666667	15.3333333333333	2	0	1.33333333333333	1	0	1	548.333333333333	380.666666666667	5.33333333333333	22	1.33333333333333	4	2	10.6666666666667
14035	3	1.33333333333333	0	0	0	0	0	0	0.666666666666667	1	0	1.66666666666667	0	2.33333333333333	0	0
4482516	0	0	4	0	0	0	0	1	0	9.75	1.25	0	0	0.5	0	1.75
185989	0	40	0	0	11.6666666666667	0	0	0	0	21	2	0	0	11.6666666666667	0	0
99634	185.75	163.25	37.75	122.25	53	86.75	11	51	21.5	549	49.5	496.75	26.5	127.25	14.5	21.75
461795	3.5	0	0	0	2	0	0	0.5	0	0.5	2.75	0	0	0	0	0
3529330	3.33333333333333	42.6666666666667	0	0	0	0	0	1.33333333333333	0	6	19.3333333333333	0	0	4	1	0
131571	0	2	4	7	22	0	0	5	2	0	0	23	5	0	2	55
3841096	0	0.5	0	0	10.5	0	0	0	2.5	43	9.25	0	0	11.25	0	2
4327763	1.25	0	0	0	14.25	0	0	78	4.25	2.75	2.75	0.75	53	4.5	0	1.5
741599	0	0	0	0	0.6	0	0.4	0	0	0	1	0	0	0	0	0
197706	0	1	0	0	0	0	0	0	0	1	0.666666666666667	0	0	0	0	0
179744	0	1.33333333333333	0	0	59.3333333333333	0.666666666666667	0.666666666666667	279	0	0	49.3333333333333	0	0	0	0	1
3715618	0	2	0	0	0	0	0	1	0	2.5	0	0	0	0	0	1.5
1105751	17	4	4.75	2.25	1	0.75	1.5	0	21	28.5	23	3.5	1.75	5.25	1.25	12
193279	0	0	0	0	4	0	25	0	0	22	0	6	0	0	0	0
4424327	0	0	1.66666666666667	0	0	0	0	0	20.6666666666667	0	0	19.3333333333333	0	0	0	2
16559	7	4.25	0	0	0	0.75	0	8	9.5	3.75	15	0	0	10	0	3
259212	0.5	0	37.5	0	2.5	0	0.5	0.75	0	3	1.25	3.25	1	0	1.25	1.25
1026524	2.25	6.25	0	0.5	0.5	0.75	4	1.25	15.5	10.5	13.25	4.5	2.25	1.5	6.75	0
184562	2.33333333333333	0.666666666666667	0	0.666666666666667	0	1.33333333333333	0	3.33333333333333	1.66666666666667	0	0.666666666666667	1.33333333333333	0	0	1	0
4456702	19	21	0	0	0	0	0	2	7	18	54	0	0	31	0	0
4364237	2	1.25	1.25	0	3.75	0	0.5	5.75	2	10.5	6.25	1.5	0	3.25	0.5	16
442846	2	0	0	2.66666666666667	5	0.666666666666667	0	1.66666666666667	4.66666666666667	14.6666666666667	5.33333333333333	3.33333333333333	0	3.33333333333333	1	0
1106862	29	5.33333333333333	3.33333333333333	10	18.6666666666667	14	0	10	32.6666666666667	141	14.6666666666667	12.3333333333333	2	20.3333333333333	14.6666666666667	29
4443094	10.75	0	0	0	6.75	0	0	0	2	1.5	10.25	15	0	10.75	0	0
274533	3	0	0	0	2.5	0	0	1.5	0	7.5	5	1	0	0	0	3
4397402	12.1666666666667	32.8333333333333	1.66666666666667	20.1666666666667	3.83333333333333	12.1666666666667	2	3.5	1.16666666666667	11.3333333333333	4.33333333333333	37.8333333333333	0.833333333333333	123	3.5	4
175901	0.666666666666667	0	0	0	0	0.666666666666667	0	0.666666666666667	0.666666666666667	1	0	1	0	1.33333333333333	0.666666666666667	0
259916	6.33333333333333	7.66666666666667	0	0	0.666666666666667	0	0	0	17	1	4.33333333333333	3.33333333333333	2	7.66666666666667	1	3.33333333333333
365341	2	4	49	184	97	25	44	9	10	0	0	49	16	0	25	22
518894	2.66666666666667	6.33333333333333	4.66666666666667	0	1.33333333333333	15	7.33333333333333	17.6666666666667	0.666666666666667	1	6	0	10.3333333333333	4.33333333333333	2	2.33333333333333
381666	1.5	0	0	2.5	0	0	0	0	0	0	0	0	0	1.5	0	1
4464173	2.25	1.25	1.5	0	0	0	2.75	0	9	0.75	0	0	1.75	4	4	1.5
4479989	4	1.25	0.75	1.25	1.5	0	2	1.5	2.5	7.25	1.25	0.5	0.75	1.25	1	12.25
292377	0	0	0	0	0	1.5	0	0	0	35	3.5	0	0	0	0	0
185140	1.66666666666667	1	0	0	0	0	0	0	9.66666666666667	4.33333333333333	1.66666666666667	3	0	0	0	0
1106006	28	87	0	0	5	170	173	5	2	3	79	16	48	6	156	55
185550	0	0	0.666666666666667	0	0	0.666666666666667	0	0	0	1	0	0	0	0	0	2.33333333333333
259006	0	10	0	0	0	0	0	0	0	2	12	1.33333333333333	0	0	0	0
4347159	2	0	0	0	1.66666666666667	0	1.33333333333333	0	0	1	0	0	0	0	0	0
396239	309.333333333333	232.666666666667	2.66666666666667	79.3333333333333	13.6666666666667	7.33333333333333	10	3.66666666666667	120	854.333333333333	214.333333333333	57.6666666666667	4.33333333333333	686.333333333333	24	33
4481613	0	0	0	1	9	0	167	7.5	3	0	0	17	0	0	0	0
512494	0	0	2.2	1.4	0	0	5.4	0	0.4	1.2	1	3.2	0.4	0	0.6	0.6
849535	0	0	87.5	44.5	39.25	0	5.75	12.25	0	1	0	3.75	60.75	0	0	39.25
1110412	10.125	4	0	0.625	0.375	2.875	4.625	4	10	7.875	14.75	0.25	3.5	2.375	6.875	2.125
234912	9.5	0	0	0	7.25	0	0	2.75	0	107.25	4.75	0	0	0	0	0
4416570	11	76	250	419	431	295	156	391	10	4	13	66	245	3	332	3824
296045	8.4	4.2	38.2	1.4	4	9	0	11	11.4	0	0.8	0.4	2.8	0.8	14.2	0
1845355	5.5	1.75	0	0	0.75	1	1	2.25	2	3.5	2	1	0	5.5	0.75	0
635495	0	0	0	0	1	0	3.25	0	0	0	0.5	0	13	0	0	239
2686369	0	0	104	0	2	0	0	2	6	24	11	2	13	0	4	0
1109929	6.33333333333333	9	0	0	0	0	0	1.33333333333333	41.3333333333333	8	6	3.33333333333333	1.66666666666667	12	1.66666666666667	2.33333333333333
198133	0.8	0	0	0	2	0	0	0.4	0	0.6	0	1	0	1.6	0	2
167166	205	17	0	3	7	3	4	10	20	81	108	0	28	26	20	27
191098	152	56	0	3	6	33	0	4	188	33	73	2	14	39	4	22
3016478	2	3	0	0	5	0	0	0	0	0	0	0	0	0	3	10
186022	0	16	322	547	102	93	166	12	52	2	0	165	97	0	170	217
133719	0	0	0	0	0.75	0	0	0.75	0.5	0.75	0	0	0	0.5	0	0.5
262944	26.5	7	0	0	0	0	0	0	9	3.5	8.5	0	1.5	1	6.5	2.5
309929	100	3	0	0	336	0	0	128	1028	307	40	4	0	79	0	109
263895	4.33333333333333	1.16666666666667	0	0	0.5	0	0	3.16666666666667	0.333333333333333	1.5	0.333333333333333	0.833333333333333	0.333333333333333	3	0	0.833333333333333
446691	79.75	10	0	0	14.5	1	0	19	6.75	12.5	24.25	1.25	7.75	0	2	25.5
4343528	1.75	5.75	0	0	0.75	0	0	0	3.5	0.75	8.5	0	0.5	0.75	0	3.5
262766	21	9	5	23	0	10	10	3	7	2	15	4	4	7	3	6
98332	0	5.75	0	0	1.75	0	0	3	2.5	1.75	5.75	3.25	0	0.75	0	1
27355	97.5	6.5	0	0	366	1	0	92	19	7	52.5	24.5	0	19	0	3.5
4430497	222	73.25	0	0	0	0	0	1.5	3.75	13.5	70.25	2.75	0	4.5	0	0
4430499	0.5	4.16666666666667	0	0.333333333333333	0	0	0	0	3.66666666666667	46	122.166666666667	0.333333333333333	0	0.333333333333333	0	0.333333333333333
4430498	2	16.5	0	0	6.75	0.5	0	0.75	7	5.25	15.5	2.75	1	0.75	0.75	9
539581	0	5	0	8.66666666666667	3	7	2.66666666666667	0	0	2	1	0	5	0	1.33333333333333	0
4484382	90.25	101.5	15.75	7	14.5	112	96.75	48.5	159.25	226	308.25	51.25	82.75	95.5	187.75	60.75
183439	90.5	55	0	0.5	37.5	22.75	0	51	29.75	249.25	51.75	2.25	20.5	144.25	2.5	35.25
4484034	0.6	0.6	0	0	0	1	0	0	3.8	3.6	0	0	0	0.4	0	0
183207	0	2	56.3333333333333	0	0.666666666666667	0	0	2	2.66666666666667	18.6666666666667	15	0	6	0	1.33333333333333	1.33333333333333
214919	1	0	3.25	0	4.75	0.75	0.5	0.5	0	3.5	0.5	9.5	0	1.25	0	1
301876	0	0	0	0	3.75	0	0	2.25	0	0	0.75	0	0	0.5	0	14.5
4413903	4.75	2.25	7.75	267.75	0	17.75	4.5	4.25	2.5	2.25	15.75	1.25	70.25	12.5	24	11.5
277922	1	1.66666666666667	0	0	1	0	0	0.666666666666667	3	2.33333333333333	6.66666666666667	0	0	3.66666666666667	0	1
344108	8.25	0.5	0	0	0	0	0	0	1	4.75	0.5	0.5	0	0.5	0	2.5
515707	0	0	8.33333333333333	0.666666666666667	1	2	7	10	0	9	0	13.3333333333333	0	0	2.66666666666667	2.66666666666667
3750380	2	30.3333333333333	0	0	11.6666666666667	0	0	0	3.33333333333333	1.66666666666667	184	0	0	4	0	0
4449525	3.6	1.4	5.2	27.6	19	198.2	8.2	0	50.4	1	0	7.2	51.6	0.4	88.6	6.4
4419504	0	0	0	0	9	0	0	0	0	6.25	0	0	0	1.75	0	0
15728	0.285714285714286	1.14285714285714	9.28571428571429	0	0.285714285714286	3.85714285714286	24.2857142857143	6.71428571428571	0.857142857142857	0	0	0.428571428571429	6.28571428571429	1.71428571428571	4.42857142857143	5.28571428571429
295023	0	2	6	6	11	0	0	2	3	0	0	13	2	0	0	40
48084	0	15.5	0	0	0	21.5	0	86.5	0	0	0	0	182.5	0	49	55
4428313	125.5	183.333333333333	23	99	26.5	46.5	14.8333333333333	32.5	15.6666666666667	182.333333333333	48.5	219.666666666667	16.1666666666667	714	45.1666666666667	47.6666666666667
4311621	11.6	8.8	64.6	20.6	4.6	8.2	86.4	7.2	16	46.8	17.2	102.6	11.2	6.8	14	25
310499	10.3333333333333	5	0	0	0	0	0	0	7.33333333333333	13.6666666666667	4.33333333333333	1.66666666666667	0	3.66666666666667	0	0
174320	2	3.33333333333333	0	0.666666666666667	0	0	0	0	0.666666666666667	13.3333333333333	5	0	0	3.33333333333333	0	0
