#Sample_name	Raw_reads(#)	Clean_Reads(#)	Base(nt)	AvgLen(nt)	Q20	GC%	Effective%
HA.0.1	88955	80244	32609344	406	84.95	53.8	90.21
HA.0.2	86026	80098	32470824	405	85	53.07	93.11
HA.0.3	82625	80073	32526864	406	84.76	53.97	96.91
HA.0.4	86451	80240	32712152	407	84.88	52.65	92.82
HA.0.5	83023	80111	32781711	409	85.09	52.82	96.49
HA.0.6	84567	80124	32532440	406	84.21	53.07	94.75
HA.0.7	85280	80166	32525553	405	85.63	53.14	94
HA.0.8	85342	80025	32627449	407	84.35	53.51	93.77
HA.0.9	83260	80027	32683757	408	83.87	52.7	96.12
HA.0.10	83184	80082	32476166	405	84.89	54.14	96.27
HA.0.11	82369	80032	33072538	413	83	51.57	97.16
HA.0.12	87680	80139	33205306	414	83.56	52.71	91.4
HA.0.13	58772	56242	22972772	408	81.75	53.57	95.7
HA.0.14	85297	80024	33036444	412	84.86	52.26	93.82
HA.0.15	83483	80101	33493112	418	85.02	52	95.95
CR.0.1	86992	80202	32029494	399	83.23	54.21	92.19
CR.0.2	86972	80051	32474756	405	85.97	53.63	92.04
CR.0.3	88059	80118	32163033	401	86.26	53.7	90.98
CR.0.4	83891	80068	32580334	406	83.48	53.48	95.44
CR.0.5	85848	80188	32576785	406	83.16	53.77	93.41
CR.0.6	84998	80087	32135206	401	83.26	53.9	94.22
CR.0.7	64157	60593	24502203	404	83.2	53.61	94.44
CR.0.8	83421	80052	32375114	404	84.26	52.36	95.96
CR.0.9	88890	80015	32566979	407	85.62	52.9	90.02
CR.0.10	88147	80079	32239473	402	84.15	53.81	90.85
CR.0.11	74636	71364	29617122	415	84.55	52.31	95.62
CR.0.12	83390	80162	33199072	414	84.08	52.79	96.13
CR.0.13	82728	80334	33432533	416	84.49	52.34	97.11
CR.0.14	82068	80088	33095333	413	83.83	52.43	97.59
CR.0.15	85685	80196	32816441	409	84.97	52.81	93.59
HA.14.1	84931	80042	33107189	413	85.91	52.53	94.24
HA.14.2	83593	80137	33111247	413	86.41	52.14	95.87
HA.14.3	84858	80037	32925957	411	85.79	53.23	94.32
HA.14.4	81921	80081	34202719	427	84.33	51.64	97.75
HA.14.5	88831	80175	33084062	412	84.81	52.28	90.26
HA.14.6	82430	80212	32754825	408	84.35	52.93	97.31
HA.14.7	83613	80080	32801949	409	83.69	53.36	95.77
HA.14.8	85645	80015	33352621	416	83.41	52.21	93.43
HA.14.9	84307	80157	32745680	408	84.83	53.08	95.08
HA.14.10	88284	80093	32937477	411	81.85	53.57	90.72
HA.14.11	87574	80082	33162590	414	83.55	52.84	91.44
HA.14.12	80433	72511	29942410	412	82.14	53.11	90.15
HA.14.13	83686	77923	31983377	410	83.63	52.87	93.11
HA.14.14	88029	80099	32946091	411	83.1	53.22	90.99
HA.14.15	84730	80143	32881316	410	82.98	52.99	94.59
CR.14.1	85535	80070	32816954	409	84.81	52.98	93.61
CR.14.2	86667	80133	32888790	410	83.9	53.43	92.46
CR.14.3	84823	80086	32832351	409	83.97	53.55	94.42
CR.14.4	84156	80197	32777059	408	85.07	53.08	95.3
CR.14.5	88390	80195	33002295	411	84.41	52.3	90.73
CR.14.6	81784	80020	32906938	411	86.36	53.85	97.84
CR.14.7	87510	80180	32970706	411	85.87	52.72	91.62
CR.14.8	88532	80258	32894147	409	82.46	53.32	90.65
CR.14.9	80270	76385	31326547	410	82.3	53.52	95.16
CR.14.10	85826	80214	32791005	408	81.59	53.58	93.46
CR.14.11	85494	80232	32957267	410	83.73	52.79	93.85
CR.14.12	85912	80248	32947047	410	82.66	52.8	93.41
CR.14.13	85991	80202	33379825	416	84.65	52.46	93.27
CR.14.14	87076	80107	33393488	416	84.3	52.7	92
CR.14.15	85270	80110	33415471	417	83.16	53.32	93.95
HA.28.1	85146	80182	32539112	405	80.41	52.34	94.17
HA.28.2	86097	80179	32546518	405	83.14	53.23	93.13
HA.28.3	82100	78120	32001490	409	82.77	52.89	95.15
HA.28.4	84042	80029	32693277	408	83.37	52.31	95.23
HA.28.5	87005	80104	33143952	413	82.09	51.69	92.07
HA.28.6	85246	80136	32331252	403	79.84	51.83	94.01
HA.28.7	83476	80193	32563819	406	81.18	52.67	96.07
HA.28.8	85611	80206	32502830	405	80.29	52.42	93.69
HA.28.9	84717	80109	32435451	404	83.59	53.14	94.56
HA.28.10	82395	80118	32772327	409	82.17	52.83	97.24
HA.28.11	84938	80135	32964222	411	83.12	53.37	94.35
HA.28.12	83510	80270	33078800	412	83.4	52.88	96.12
HA.28.13	81954	80167	33026556	411	83.54	53.02	97.82
HA.28.14	83059	80179	33054931	412	83.32	52.84	96.53
HA.28.15	86861	80021	32598718	407	82.13	53.09	92.13
CR.28.1	82553	80191	32780831	408	81.29	53.51	97.14
CR.28.2	83159	80130	32736283	408	81.74	52.84	96.36
CR.28.3	83670	80184	32668949	407	81.26	53.37	95.83
CR.28.4	85912	82017	33470200	408	80.57	52.81	95.47
CR.28.5	85959	80065	32894827	410	78.7	52.86	93.14
CR.28.6	87230	80063	32377295	404	81.36	53.59	91.78
CR.28.7	85560	80253	32600226	406	82.39	53.04	93.8
CR.28.8	87230	79256	32351497	408	80.49	52.05	90.86
CR.28.9	85106	81911	33136809	404	80.71	52.37	96.25
CR.28.10	87367	80150	32585040	406	81.92	52.75	91.74
CR.28.11	83507	80070	32959015	411	82.54	53.5	95.88
CR.28.12	80795	76308	31558761	413	82.48	52.92	94.45
CR.28.13	81825	80096	33250056	415	83.55	52.45	97.89
CR.28.14	87227	80119	32850452	410	83.97	53.1	91.85
CR.28.15	83420	80076	32909007	410	83.96	52.78	95.99